0 0.37499999999999555911 0.37500003571490037046
1 0.18837312410074691371 0.19658310513515697693
2 0.00034083399234230427 0.01422419694025034431
3 0.12366595212520525848 0.12556343800254410326
4 0.00000000000000621725 0.00000000097485752804
5 0.00000000000004174439 0.00000000501602137604
6 0.00335388562395433354 0.02695401618797044208
7 0.00000000000005417888 0.01422416803958359566
8 0.00000000000000577316 0.00000003986491492469
9 0.00000000000005684342 0.00000003384641766857
10 0.00000000000068611783 0.00000003340777166017
11 0.00671094904214575294 0.02532926838877802567
12 0.00000000000005773160 0.00000000510194109182
13 0.00000000000008704149 0.00000000110071463055
14 0.00000000000017008617 0.01384491129208331728
15 0.00000000000001287859 0.00000004430923050691
16 0.00000000000005861978 0.00000000049055559614
17 0.08049804188111009395 0.14168642672137066185
18 0.00000000000002309264 0.00000001250466175051
19 0.00000000000034194869 0.00293803462013286776
20 0.00000000000002842171 0.00000000206593631091
