1 1e-06 4.0000000000000036 4.374999348962609 0.37499934896260534 1 
1 5e-07 4.0000000000000036 4.375000000001571 0.37500000000156763 1 
1 1.25e-07 4.0000000000000036 4.374999999999572 0.37499999999956835 1 
1 1.5625e-08 4.0000000000000036 4.374999999997117 0.3749999999971134 1 
1 9.765625e-10 4.0000000000000036 4.375000000002436 0.3750000000024327 1 
1 3.0517578125e-11 4.0000000000000036 4.375000000001784 0.3750000000017808 1 
1 4.76837158203125e-13 4.0000000000000036 4.374999999999998 0.37499999999999467 1 

2 1e-06 4.000000000000002 4.188372995341979 0.18837299534197705 1 
2 5e-07 4.000000000000002 4.1883731844730105 0.18837318447300877 1 
2 1.25e-07 4.000000000000002 4.188373151753274 0.18837315175327252 1 
2 1.5625e-08 4.000000000000002 4.18837313703544 0.18837313703543845 1 
2 9.765625e-10 4.000000000000002 4.188373124101166 0.18837312410116436 1  
2 3.0517578125e-11 4.000000000000002 4.188373124097019 0.18837312409701745 1 
2 4.76837158203125e-13 4.000000000000002 4.188373124100835 0.18837312410083307 1 

3 1e-06 4.0 4.000341835150986 0.0003418351509862916 1 
3 5e-07 4.0 4.0003408990746285 0.0003408990746285312 1 
3 1.25e-07 4.0 4.000340865245682 0.00034086524568177623 1  
3 1.5625e-08 4.0 4.000340845764192 0.0003408457641915774 1 
3 9.765625e-10 4.0 4.000340831503651 0.00034083150365127324 1 
3 3.0517578125e-11 4.0 4.0003408339870985 0.0003408339870984989 1 
3 4.76837158203125e-13 4.0 4.000340833992096 0.00034083399209627885 1

4 1e-06 4.0000000000000036 4.123665953244257 0.12366595324425322 1 
4 5e-07 4.0000000000000036 4.123665748671875 0.12366574867187108 1 
4 1.25e-07 4.0000000000000036 4.123665846453289 0.12366584645328516 1
4 1.5625e-08 4.0000000000000036 4.12366595589113 0.12366595589112617 1
4 9.765625e-10 4.0000000000000036 4.1236659548046575 0.12366595480465392 1
4 3.0517578125e-11 4.0000000000000036 4.123665952102943 0.12366595210293951 1
4 4.76837158203125e-13 4.0000000000000036 4.123665952126484 0.12366595212648068 1

5 1e-06 3.500000000000001 3.4999999994192725 5.807283542935693e-10 2
5 5e-07 3.500000000000001 3.4999999995354654 4.6453552116076935e-10 2
5 1.25e-07 3.500000000000001 3.500000000078752 7.87512277611313e-11 2
5 1.5625e-08 3.500000000000001 3.500000000722628 7.226272913385401e-10 2
5 9.765625e-10 3.500000000000001 3.5000000008289587 8.289577912989898e-10 2
5 3.0517578125e-11 3.500000000000001 3.4999999999906346 9.36628552494767e-12 2
5 4.76837158203125e-13 3.500000000000001 3.50000000000012 1.1901590823981678e-13 2

6 1e-06 4.0 3.9999999635046555 3.6495344524212214e-08 2
6 5e-07 4.0 3.9999999801183033 1.9881696733392573e-08 2
6 1.25e-07 4.0 4.000000020149365 2.014936484329155e-08 2
6 1.5625e-08 4.0 3.99999999946441 5.355897947367794e-10 2
6 9.765625e-10 4.0 3.999999999632526 3.674740511883101e-10 2
6 3.0517578125e-11 4.0 4.000000000021661 2.1660895299646654e-11 2
6 4.76837158203125e-13 4.0 3.999999999999627 3.730349362740526e-13 2

7 1e-06 3.7071067811865483 3.7104607598170913 0.0033539786305429864 1
7 5e-07 3.7071067811865483 3.71046063854934 0.00335385736279159 1
7 1.25e-07 3.7071067811865483 3.7104606867398493 0.003353905553300951 1
7 1.5625e-08 3.7071067811865483 3.7104606824239026 0.00335390123735424 1
7 9.765625e-10 3.7071067811865483 3.710460666741964 0.0033538855554158253 1
7 3.0517578125e-11 3.7071067811865483 3.710460666840048 0.0033538856534995887 1
7 4.76837158203125e-13 3.7071067811865483 3.7104606668097784 0.003353885623230024 1

8 1e-06 4.000000000000002 3.999999970910597 2.9089404662840934e-08 2
8 5e-07 4.000000000000002 3.9999999487215616 5.127844016072913e-08 2
8 1.25e-07 4.000000000000002 3.9999999408759037 5.912409806185792e-08 2
8 1.5625e-08 4.000000000000002 4.0000000052473865 5.247384748940931e-09 2
8 9.765625e-10 4.000000000000002 3.9999999999995057 4.960476474025199e-13 2
8 3.0517578125e-11 4.000000000000002 4.000000000001107 1.1048939541069558e-12 2
8 4.76837158203125e-13 4.000000000000002 4.000000000000922 9.201528428093297e-13 2

9 1e-06 3.5000000000000013 3.500000052350345 5.235034361561475e-08 2
9 5e-07 3.5000000000000013 3.500000050052188 5.005218683962198e-08 2
9 1.25e-07 3.5000000000000013 3.5000000157494293 1.5749427983990927e-08 2
9 1.5625e-08 3.5000000000000013 3.5000000049559334 4.955932109140804e-09 2
9 9.765625e-10 3.5000000000000013 3.5000000001793645 1.793631909663418e-10 2
9 3.0517578125e-11 3.5000000000000013 3.500000000006528 6.52677911716637e-12 2
9 4.76837158203125e-13 3.5000000000000013 3.5000000000000666 6.52811138479592e-14 2

10 1e-06 3.451605962955778 3.4516059627842974 1.7148060749150318e-10 2
10 5e-07 3.451605962955778 3.4516059629958855 4.0107472898398555e-11 2
10 1.25e-07 3.451605962955778 3.4516059631588556 2.0307755477233513e-10 2
10 1.5625e-08 3.451605962955778 3.451605963017069 6.129097229745639e-11 2
10 9.765625e-10 3.451605962955778 3.4516059629531752 2.602806858931217e-12 2
10 3.0517578125e-11 3.451605962955778 3.451605962958827 3.04911651483053e-12 2
10 4.76837158203125e-13 3.451605962955778 3.451605962955771 7.105427357601002e-15 2

11 1e-06 3.0000000000000004 3.000000216196029 2.1619602863509613e-07 2
11 5e-07 3.0000000000000004 3.000000152742949 1.5274294851153059e-07 2
11 1.25e-07 3.0000000000000004 3.000000023415133 2.3415132499593483e-08 2
11 1.5625e-08 3.0000000000000004 3.000000005638247 5.6382467583659945e-09 2
11 9.765625e-10 3.0000000000000004 3.00000000025236 2.5235946665702613e-10 2
11 3.0517578125e-11 3.0000000000000004 3.0000000000109526 1.0952128093322244e-11 2
11 4.76837158203125e-13 3.0000000000000004 3.0000000000000937 9.325873406851315e-14 2

12 1e-06 3.5887048404496467 3.595416011325203 0.006711170875556505 1
12 5e-07 3.5887048404496467 3.595415917059801 0.006711076610154354 1
12 1.25e-07 3.5887048404496467 3.595415893516203 0.006711053066556172 1
12 1.5625e-08 3.5887048404496467 3.5954157772607944 0.006710936811147761 1
12 9.765625e-10 3.5887048404496467 3.5954157893139276 0.006710948864280919 1
12 3.0517578125e-11 3.5887048404496467 3.5954157894775745 0.006710949027927793 1
12 4.76837158203125e-13 3.5887048404496467 3.5954157894920296 0.006710949042382897 1

13 1e-06 4.000000000000001 3.999999970243466 2.975653501380293e-08 2
13 5e-07 4.000000000000001 3.999999973776692 2.622330885770907e-08 2
13 1.25e-07 4.000000000000001 3.9999999765265204 2.3473480492697263e-08 2
13 1.5625e-08 4.000000000000001 4.000000000379253 3.792521852119535e-10 2
13 9.765625e-10 4.000000000000001 4.000000000412219 4.122178154375433e-10 2
13 3.0517578125e-11 4.000000000000001 3.9999999999943814 5.619504861442692e-12 2
13 4.76837158203125e-13 4.000000000000001 3.999999999999982 1.9095836023552692e-14 2

14 1e-06 3.000000000000001 2.9999999999189013 8.109957150281843e-11 2
14 5e-07 3.000000000000001 3.0000000034080716 3.4080707145278666e-09 2
14 1.25e-07 3.000000000000001 3.000000001523878 1.523877024567355e-09 2
14 1.5625e-08 3.000000000000001 2.9999999885815476 1.141845329399871e-08 2
14 9.765625e-10 3.000000000000001 2.999999999974008 2.5992985541734015e-11 2
14 3.0517578125e-11 3.000000000000001 2.9999999999925895 7.411404823187695e-12 2
14 4.76837158203125e-13 3.000000000000001 3.0000000000000178 1.687538997430238e-14 2

15 1e-06 3.1180339887498953 3.1180341628758184 1.7412592301369045e-07 2
15 5e-07 3.1180339887498953 3.1180341383975874 1.4964769201597505e-07 2
15 1.25e-07 3.1180339887498953 3.118033989404833 6.549374376163541e-10 2
15 1.5625e-08 3.1180339887498953 3.1180339883093375 4.405578124533349e-10 2
15 9.765625e-10 3.1180339887498953 3.1180339885844797 1.6541568115258087e-10 2
15 3.0517578125e-11 3.1180339887498953 3.1180339887317747 1.8120616118721955e-11 2
15 4.76837158203125e-13 3.1180339887498953 3.1180339887498976 2.220446049250313e-15 2

16 1e-06 2.9999999999999996 2.999999916310119 8.368988035911684e-08 2
16 5e-07 2.9999999999999996 2.99999974243216 2.5756783950114936e-07 2
16 1.25e-07 2.9999999999999996 2.9999999887402025 1.1259797094709256e-08 2
16 1.5625e-08 2.9999999999999996 3.0000000008189125 8.189129374613913e-10 2
16 9.765625e-10 2.9999999999999996 3.000000000023328 2.332845028263364e-11 2
16 3.0517578125e-11 2.9999999999999996 2.9999999999971676 2.8319568912138493e-12 2
16 4.76837158203125e-13 2.9999999999999996 2.9999999999999405 5.906386491005833e-14 2

17 1e-06 3.4516059629557803 3.451605908827785 5.412799541915092e-08 2
17 5e-07 3.4516059629557803 3.451605930698751 3.225702904785521e-08 2
17 1.25e-07 3.4516059629557803 3.4516059585753367 4.380443563434255e-09 2
17 1.5625e-08 3.4516059629557803 3.4516059629873292 3.154898564616815e-11 2
17 9.765625e-10 3.4516059629557803 3.4516059629595723 3.792077762909685e-12 2
17 3.0517578125e-11 3.4516059629557803 3.451605962955781 8.881784197001252e-16 2
17 4.76837158203125e-13 3.4516059629557803 3.451605962955757 2.3092638912203256e-14 2

18 1e-06 3.118033988749897 3.198532030524966 0.0804980417750687 1
18 5e-07 3.118033988749897 3.1985320251984146 0.0804980364485175 1
18 1.25e-07 3.118033988749897 3.1985320171437275 0.08049802839383036 1
18 1.5625e-08 3.118033988749897 3.198532017121004 0.08049802837110676 1
18 9.765625e-10 3.118033988749897 3.1985320309393916 0.08049804218949452 1
18 3.0517578125e-11 3.118033988749897 3.198532030633813 0.08049804188391585 1
18 4.76837158203125e-13 3.118033988749897 3.1985320306310028 0.08049804188110565 1

19 1e-06 2.5 2.4999999994560493 5.439506622906265e-10 2
19 5e-07 2.5 2.4999999983535535 1.646446534664392e-09 2
19 1.25e-07 2.5 2.4999999978301473 2.169852741928935e-09 2
19 1.5625e-08 2.5 2.499999997995043 2.0049570892410884e-09 2
19 9.765625e-10 2.5 2.4999999986329793 1.3670207188454242e-09 2
19 3.0517578125e-11 2.5 2.500000000032843 3.284306160367123e-11 2
19 4.76837158203125e-13 2.5 2.4999999999991296 8.704148513061227e-13 2

20 1e-06 2.8546376797184605 2.854637786488854 1.0677039341544514e-07 2
20 5e-07 2.8546376797184605 2.854637760691071 8.097261039452519e-08 2
20 1.25e-07 2.8546376797184605 2.8546376792962116 4.2224890250963654e-10 2
20 1.5625e-08 2.8546376797184605 2.854637679706539 1.1921574838424931e-11 2
20 9.765625e-10 2.8546376797184605 2.8546376797096737 8.786749106093339e-12 2
20 3.0517578125e-11 2.8546376797184605 2.854637679716474 1.98641103565933e-12 2
20 4.76837158203125e-13 2.8546376797184605 2.854637679718012 4.4853010194856324e-13 2

21 1e-06 2.927886253317995 2.927886367523267 1.1420527190608709e-07 2
21 5e-07 2.927886253317995 2.927886363430173 1.1011217804224316e-07 2
21 1.25e-07 2.927886253317995 2.9278862726476302 1.9329635225773245e-08 2
21 1.5625e-08 2.927886253317995 2.927886256911174 3.5931790876020386e-09 2
21 9.765625e-10 2.927886253317995 2.9278862534532464 1.3525136566272522e-10 2
21 3.0517578125e-11 2.927886253317995 2.9278862533231007 5.10569364564617e-12 2
21 4.76837158203125e-13 2.927886253317995 2.927886253318081 8.615330671091215e-14 2

