1 0.0000010000000000 0.0000006677446747 1
1 0.0000005000000000 0.0000000000006395 1
1 0.0000001250000000 0.0000000000002762 1
1 0.0000000156250000 0.0000000000005134 1
1 0.0000000009765625 0.0000000000001883 1
1 0.0000000000305176 0.0000000000005773 1
1 0.0000000000004768 0.0000000000000560 1

2 0.0000010000000000 0.0000000776714408 1
2 0.0000005000000000 0.0000000181554549 1
2 0.0000001250000000 0.0000000006093455 1
2 0.0000000156250000 0.0000000030263152 1
2 0.0000000009765625 0.0000000000345750 1
2 0.0000000000305176 0.0000000000043965 1
2 0.0000000000004768 0.0000000000000364 1

3 0.0000010000000000 0.0000000719897271 1
3 0.0000005000000000 0.0000003029774751 1
3 0.0000001250000000 0.0000000022514968 1
3 0.0000000156250000 0.0000000002090745 1
3 0.0000000009765625 0.0000000001106288 1
3 0.0000000000305176 0.0000000000007496 1
3 0.0000000000004768 0.0000000000001217 1

4 0.0000010000000000 0.0000001460205432 1
4 0.0000005000000000 0.0000000004048042 1
4 0.0000001250000000 0.0000000241427687 1
4 0.0000000156250000 0.0000000005179945 1
4 0.0000000009765625 0.0000000000624247 1
4 0.0000000000305176 0.0000000000007034 1
4 0.0000000000004768 0.0000000000000160 1

5 0.0000010000000000 0.0000000561493625 1
5 0.0000005000000000 0.0000000132199212 1
5 0.0000001250000000 0.0000000071521100 1
5 0.0000000156250000 0.0000000000101545 1
5 0.0000000009765625 0.0000000000326335 1
5 0.0000000000305176 0.0000000000043947 1
5 0.0000000000004768 0.0000000000002984 1

6 0.0000010000000000 0.0000000077184508 1
6 0.0000005000000000 0.0000000197428651 1
6 0.0000001250000000 0.0000000006433405 1
6 0.0000000156250000 0.0000000000491793 1
6 0.0000000009765625 0.0000000001076161 1
6 0.0000000000305176 0.0000000000000213 1
6 0.0000000000004768 0.0000000000000231 1

7 0.0000010000000000 0.0000000743043289 1
7 0.0000005000000000 0.0000000074333730 1
7 0.0000001250000000 0.0000000009442696 1
7 0.0000000156250000 0.0000000000443459 1
7 0.0000000009765625 0.0000000000307177 1
7 0.0000000000305176 0.0000000000001537 1
7 0.0000000000004768 0.0000000000000027 1

8 0.0000010000000000 0.0000000018126265 1
8 0.0000005000000000 0.0000000047397251 1
8 0.0000001250000000 0.0000000003625553 1
8 0.0000000156250000 0.0000000000409193 1
8 0.0000000009765625 0.0000000000104361 1
8 0.0000000000305176 0.0000000000002007 1
8 0.0000000000004768 0.0000000000000515 1

9 0.0000010000000000 0.0000001223522448 1
9 0.0000005000000000 0.0000000423509361 1
9 0.0000001250000000 0.0000000000712044 1
9 0.0000000156250000 0.0000000002284635 1
9 0.0000000009765625 0.0000000005378480 1
9 0.0000000000305176 0.0000000000015179 1
9 0.0000000000004768 0.0000000000000737 1

10 0.0000010000000000 0.0000029596383690 1
10 0.0000005000000000 0.0000002428887669 1
10 0.0000001250000000 0.0000003919349965 1
10 0.0000000156250000 0.0000000065064469 1
10 0.0000000009765625 0.0000000012437802 1
10 0.0000000000305176 0.0000000000140394 1
10 0.0000000000004768 0.0000000000002158 1

11 0.0000010000000000 0.0000000175211508 1
11 0.0000005000000000 0.0000000312508099 1
11 0.0000001250000000 0.0000000016252013 1
11 0.0000000156250000 0.0000000002033227 1
11 0.0000000009765625 0.0000000000245999 1
11 0.0000000000305176 0.0000000000004112 1
11 0.0000000000004768 0.0000000000000053 1

12 0.0000010000000000 0.0000002909897878 1
12 0.0000005000000000 0.0000003322924336 1
12 0.0000001250000000 0.0000000083207468 1
12 0.0000000156250000 0.0000000002535838 1
12 0.0000000009765625 0.0000000000237241 1
12 0.0000000000305176 0.0000000000007878 1
12 0.0000000000004768 0.0000000000000098 1

13 0.0000010000000000 0.0613484197671950 0
13 0.0000005000000000 0.0613484648395497 0
13 0.0000001250000000 0.0613485039404766 0
13 0.0000000156250000 0.0613485372363440 0
13 0.0000000009765625 0.0613485419620643 0
13 0.0000000000305176 0.0613485421047395 0
13 0.0000000000004768 0.0613485420688926 0

14 0.0000010000000000 0.0000013069209874 1
14 0.0000005000000000 0.0000000040368571 1
14 0.0000001250000000 0.0000000034051890 1
14 0.0000000156250000 0.0000000038317678 1
14 0.0000000009765625 0.0000000000022187 1
14 0.0000000000305176 0.0000000000026414 1
14 0.0000000000004768 0.0000000000000551 1

15 0.0000010000000000 0.0000001953846631 1
15 0.0000005000000000 0.0000000480126365 1
15 0.0000001250000000 0.0000000120141781 1
15 0.0000000156250000 0.0000000029651268 1
15 0.0000000009765625 0.0000000001937082 1
15 0.0000000000305176 0.0000000000124869 1
15 0.0000000000004768 0.0000000000001696 1

16 0.0000010000000000 0.0000000102428839 1
16 0.0000005000000000 0.0000000230582318 1
16 0.0000001250000000 0.0000000024369511 1
16 0.0000000156250000 0.0000000001158149 1
16 0.0000000009765625 0.0000000000001075 1
16 0.0000000000305176 0.0000000000006208 1
16 0.0000000000004768 0.0000000000000275 1

17 0.0000010000000000 0.0000000162116995 1
17 0.0000005000000000 0.0000000168742487 1
17 0.0000001250000000 0.0000000318061089 1
17 0.0000000156250000 0.0000000006190017 1
17 0.0000000009765625 0.0000000000014024 1
17 0.0000000000305176 0.0000000000006830 1
17 0.0000000000004768 0.0000000000000817 1

18 0.0000010000000000 0.0000001275223962 1
18 0.0000005000000000 0.0000003367313273 1
18 0.0000001250000000 0.0000000054874496 1
18 0.0000000156250000 0.0000000016248780 1
18 0.0000000009765625 0.0000000002401128 1
18 0.0000000000305176 0.0000000000064651 1
18 0.0000000000004768 0.0000000000000790 1

19 0.0000010000000000 0.0000000140187870 1
19 0.0000005000000000 0.0000000183145881 1
19 0.0000001250000000 0.0000000049975792 1
19 0.0000000156250000 0.0000000000279972 1
19 0.0000000009765625 0.0000000000066711 1
19 0.0000000000305176 0.0000000000001483 1
19 0.0000000000004768 0.0000000000000142 1

20 0.0000010000000000 0.0005227447961076 0
20 0.0000005000000000 0.0005244462654161 0
20 0.0000001250000000 0.0005242939703605 0
20 0.0000000156250000 0.0005243134827673 0
20 0.0000000009765625 0.0005242903321498 0
20 0.0000000000305176 0.0005242897255560 0
20 0.0000000000004768 0.0005242897267355 0

21 0.0000010000000000 0.0137953896033745 0
21 0.0000005000000000 0.0137977321388396 0
21 0.0000001250000000 0.0137977284802044 0
21 0.0000000156250000 0.0137977275382539 0
21 0.0000000009765625 0.0137977054245058 0
21 0.0000000000305176 0.0137977042244781 0
21 0.0000000000004768 0.0137977042625490 0

22 0.0000010000000000 0.0000000063924395 1
22 0.0000005000000000 0.0000000083111420 1
22 0.0000001250000000 0.0000000000686509 1
22 0.0000000156250000 0.0000000002181668 1
22 0.0000000009765625 0.0000000000284910 1
22 0.0000000000305176 0.0000000000010667 1
22 0.0000000000004768 0.0000000000000115 1

23 0.0000010000000000 0.0000001567938614 1
23 0.0000005000000000 0.0000000917920380 1
23 0.0000001250000000 0.0000000124349846 1
23 0.0000000156250000 0.0000000014448220 1
23 0.0000000009765625 0.0000000000036779 1
23 0.0000000000305176 0.0000000000137463 1
23 0.0000000000004768 0.0000000000000284 1

24 0.0000010000000000 0.0000001628166064 1
24 0.0000005000000000 0.0000000204883319 1
24 0.0000001250000000 0.0000000004158700 1
24 0.0000000156250000 0.0000000004576020 1
24 0.0000000009765625 0.0000000000058060 1
24 0.0000000000305176 0.0000000000005160 1
24 0.0000000000004768 0.0000000000000391 1

25 0.0000010000000000 0.0000000522854533 1
25 0.0000005000000000 0.0000000462850105 1
25 0.0000001250000000 0.0000000042047166 1
25 0.0000000156250000 0.0000000001972511 1
25 0.0000000009765625 0.0000000000248734 1
25 0.0000000000305176 0.0000000000007807 1
25 0.0000000000004768 0.0000000000000080 1

26 0.0000010000000000 0.0000000798212358 1
26 0.0000005000000000 0.0000000080942755 1
26 0.0000001250000000 0.0000000076161069 1
26 0.0000000156250000 0.0000000004329976 1
26 0.0000000009765625 0.0000000000279288 1
26 0.0000000000305176 0.0000000000003144 1
26 0.0000000000004768 0.0000000000000275 1

27 0.0000010000000000 0.0000001280810036 1
27 0.0000005000000000 0.0000000487705822 1
27 0.0000001250000000 0.0000000497614367 1
27 0.0000000156250000 0.0000000004632774 1
27 0.0000000009765625 0.0000000002677805 1
27 0.0000000000305176 0.0000000000025260 1
27 0.0000000000004768 0.0000000000001723 1

28 0.0000010000000000 0.0124554738507250 0
28 0.0000005000000000 0.0124548526665169 0
28 0.0000001250000000 0.0124536699984601 0
28 0.0000000156250000 0.0124536702355025 0
28 0.0000000009765625 0.0124536700117295 0
28 0.0000000000305176 0.0124536709653285 0
28 0.0000000000004768 0.0124536709904053 0

29 0.0000010000000000 0.0000000322337721 1
29 0.0000005000000000 0.0000000603306605 1
29 0.0000001250000000 0.0000000037492569 1
29 0.0000000156250000 0.0000000004562635 1
29 0.0000000009765625 0.0000000000561178 1
29 0.0000000000305176 0.0000000000008420 1
29 0.0000000000004768 0.0000000000000266 1

30 0.0000010000000000 0.0000000483596025 1
30 0.0000005000000000 0.0000002266895036 1
30 0.0000001250000000 0.0000000014850157 1
30 0.0000000156250000 0.0000000016882113 1
30 0.0000000009765625 0.0000000000255982 1
30 0.0000000000305176 0.0000000000007541 1
30 0.0000000000004768 0.0000000000000178 1

31 0.0000010000000000 0.0544521210510807 0
31 0.0000005000000000 0.0544520384729124 0
31 0.0000001250000000 0.0544515376085686 0
31 0.0000000156250000 0.0544516177807051 0
31 0.0000000009765625 0.0544515985975735 0
31 0.0000000000305176 0.0544515985689857 0
31 0.0000000000004768 0.0544515985758265 0

32 0.0000010000000000 0.0000000131294975 1
32 0.0000005000000000 0.0000000032646605 1
32 0.0000001250000000 0.0000000125002027 1
32 0.0000000156250000 0.0000000000804130 1
32 0.0000000009765625 0.0000000000059313 1
32 0.0000000000305176 0.0000000000002593 1
32 0.0000000000004768 0.0000000000000417 1

33 0.0000010000000000 0.0217714531952655 0
33 0.0000005000000000 0.0217713262051475 0
33 0.0000001250000000 0.0217711037778798 0
33 0.0000000156250000 0.0217711115542167 0
33 0.0000000009765625 0.0217711263567981 0
33 0.0000000000305176 0.0217711271614434 0
33 0.0000000000004768 0.0217711271615322 0

34 0.0000010000000000 0.0000000031515004 1
34 0.0000005000000000 0.0000000546576366 1
34 0.0000001250000000 0.0000000056688432 1
34 0.0000000156250000 0.0000000082417957 1
34 0.0000000009765625 0.0000000000152056 1
34 0.0000000000305176 0.0000000000020481 1
34 0.0000000000004768 0.0000000000000107 1

35 0.0000010000000000 0.0000000196877759 1
35 0.0000005000000000 0.0000000258381974 1
35 0.0000001250000000 0.0000000021606992 1
35 0.0000000156250000 0.0000000001461569 1
35 0.0000000009765625 0.0000000000136664 1
35 0.0000000000305176 0.0000000000011635 1
35 0.0000000000004768 0.0000000000000098 1

36 0.0000010000000000 0.0000004701213472 1
36 0.0000005000000000 0.0000003613243935 1
36 0.0000001250000000 0.0000000122260122 1
36 0.0000000156250000 0.0000000003804761 1
36 0.0000000009765625 0.0000000000470317 1
36 0.0000000000305176 0.0000000000035492 1
36 0.0000000000004768 0.0000000000002212 1

37 0.0000010000000000 0.0000016962237561 1
37 0.0000005000000000 0.0000012674773426 1
37 0.0000001250000000 0.0000001349078289 1
37 0.0000000156250000 0.0000000001137046 1
37 0.0000000009765625 0.0000000001352767 1
37 0.0000000000305176 0.0000000000041638 1
37 0.0000000000004768 0.0000000000002185 1

38 0.0000010000000000 0.0000006034377726 1
38 0.0000005000000000 0.0000000865869492 1
38 0.0000001250000000 0.0000000232584245 1
38 0.0000000156250000 0.0000000142761731 1
38 0.0000000009765625 0.0000000021229143 1
38 0.0000000000305176 0.0000000000104992 1
38 0.0000000000004768 0.0000000000001812 1

39 0.0000010000000000 0.0000005211020637 1
39 0.0000005000000000 0.0000005503354439 1
39 0.0000001250000000 0.0000000058610246 1
39 0.0000000156250000 0.0000000004390861 1
39 0.0000000009765625 0.0000000000486882 1
39 0.0000000000305176 0.0000000000006155 1
39 0.0000000000004768 0.0000000000000036 1

40 0.0000010000000000 0.0000000570785019 1
40 0.0000005000000000 0.0000000382137522 1
40 0.0000001250000000 0.0000000004128351 1
40 0.0000000156250000 0.0000000012590959 1
40 0.0000000009765625 0.0000000000377662 1
40 0.0000000000305176 0.0000000000003899 1
40 0.0000000000004768 0.0000000000000178 1

41 0.0000010000000000 0.0000000018948727 1
41 0.0000005000000000 0.0000000031884335 1
41 0.0000001250000000 0.0000000011716619 1
41 0.0000000156250000 0.0000000030178642 1
41 0.0000000009765625 0.0000000000080895 1
41 0.0000000000305176 0.0000000000153273 1
41 0.0000000000004768 0.0000000000000222 1

42 0.0000010000000000 0.0000000056171139 1
42 0.0000005000000000 0.0000001720412710 1
42 0.0000001250000000 0.0000000343643336 1
42 0.0000000156250000 0.0000000031433487 1
42 0.0000000009765625 0.0000000001010658 1
42 0.0000000000305176 0.0000000000196563 1
42 0.0000000000004768 0.0000000000004290 1

43 0.0000010000000000 0.0000000058081238 1
43 0.0000005000000000 0.0000000065709784 1
43 0.0000001250000000 0.0000000102461506 1
43 0.0000000156250000 0.0000000003947118 1
43 0.0000000009765625 0.0000000000012639 1
43 0.0000000000305176 0.0000000000000133 1
43 0.0000000000004768 0.0000000000000044 1

44 0.0000010000000000 0.0000000002170824 1
44 0.0000005000000000 0.0000000002163807 1
44 0.0000001250000000 0.0000000000735181 1
44 0.0000000156250000 0.0000000001221645 1
44 0.0000000009765625 0.0000000003197549 1
44 0.0000000000305176 0.0000000000018376 1
44 0.0000000000004768 0.0000000000000089 1

45 0.0000010000000000 0.0000001365961495 1
45 0.0000005000000000 0.0000001737310962 1
45 0.0000001250000000 0.0000000053646136 1
45 0.0000000156250000 0.0000000058729341 1
45 0.0000000009765625 0.0000000000076490 1
45 0.0000000000305176 0.0000000000043388 1
45 0.0000000000004768 0.0000000000000151 1

46 0.0000010000000000 0.0000000545997505 1
46 0.0000005000000000 0.0000000032307348 1
46 0.0000001250000000 0.0000000026856650 1
46 0.0000000156250000 0.0000000003230518 1
46 0.0000000009765625 0.0000000000126352 1
46 0.0000000000305176 0.0000000000004992 1
46 0.0000000000004768 0.0000000000000355 1

47 0.0000010000000000 0.0000007198436087 1
47 0.0000005000000000 0.0000004854667477 1
47 0.0000001250000000 0.0000000105841318 1
47 0.0000000156250000 0.0000000008024195 1
47 0.0000000009765625 0.0000000000007230 1
47 0.0000000000305176 0.0000000000000551 1
47 0.0000000000004768 0.0000000000000835 1

48 0.0000010000000000 0.0000000282718569 1
48 0.0000005000000000 0.0000000386035834 1
48 0.0000001250000000 0.0000000000462670 1
48 0.0000000156250000 0.0000000017652306 1
48 0.0000000009765625 0.0000000000039799 1
48 0.0000000000305176 0.0000000000000107 1
48 0.0000000000004768 0.0000000000000417 1

49 0.0000010000000000 0.0122837863139207 0
49 0.0000005000000000 0.0122838479283480 0
49 0.0000001250000000 0.0122838033611821 0
49 0.0000000156250000 0.0122840542985800 0
49 0.0000000009765625 0.0122840881745869 0
49 0.0000000000305176 0.0122840874058490 0
49 0.0000000000004768 0.0122840874064405 0

50 0.0000010000000000 0.0000000697814206 1
50 0.0000005000000000 0.0000000957218429 1
50 0.0000001250000000 0.0000000043699711 1
50 0.0000000156250000 0.0000000058860961 1
50 0.0000000009765625 0.0000000000771525 1
50 0.0000000000305176 0.0000000000088614 1
50 0.0000000000004768 0.0000000000000790 1

51 0.0000010000000000 0.0000003603293113 1
51 0.0000005000000000 0.0000003275678546 1
51 0.0000001250000000 0.0000000688930557 1
51 0.0000000156250000 0.0000000031824738 1
51 0.0000000009765625 0.0000000006571339 1
51 0.0000000000305176 0.0000000000067644 1
51 0.0000000000004768 0.0000000000001785 1

52 0.0000010000000000 0.0000000103563753 1
52 0.0000005000000000 0.0000000120398980 1
52 0.0000001250000000 0.0000000096032409 1
52 0.0000000156250000 0.0000000000081464 1
52 0.0000000009765625 0.0000000000054730 1
52 0.0000000000305176 0.0000000000322684 1
52 0.0000000000004768 0.0000000000001270 1

53 0.0000010000000000 0.0000003571732616 1
53 0.0000005000000000 0.0000001315586005 1
53 0.0000001250000000 0.0000000457092093 1
53 0.0000000156250000 0.0000000353758094 1
53 0.0000000009765625 0.0000000000015299 1
53 0.0000000000305176 0.0000000000011262 1
53 0.0000000000004768 0.0000000000000675 1

54 0.0000010000000000 0.0000008551089881 1
54 0.0000005000000000 0.0000000140859990 1
54 0.0000001250000000 0.0000000023827473 1
54 0.0000000156250000 0.0000000005336700 1
54 0.0000000009765625 0.0000000000198677 1
54 0.0000000000305176 0.0000000000001652 1
54 0.0000000000004768 0.0000000000000204 1

55 0.0000010000000000 0.0000001097340352 1
55 0.0000005000000000 0.0000000955713233 1
55 0.0000001250000000 0.0000000049927307 1
55 0.0000000156250000 0.0000000030426417 1
55 0.0000000009765625 0.0000000000722018 1
55 0.0000000000305176 0.0000000000076046 1
55 0.0000000000004768 0.0000000000002203 1

56 0.0000010000000000 0.0000006277779416 1
56 0.0000005000000000 0.0000002082501762 1
56 0.0000001250000000 0.0000000018221620 1
56 0.0000000156250000 0.0000000017741151 1
56 0.0000000009765625 0.0000000000227889 1
56 0.0000000000305176 0.0000000000000275 1
56 0.0000000000004768 0.0000000000000355 1

57 0.0000010000000000 0.0000000050627129 1
57 0.0000005000000000 0.0000000012831967 1
57 0.0000001250000000 0.0000000026024241 1
57 0.0000000156250000 0.0000000000364508 1
57 0.0000000009765625 0.0000000000006759 1
57 0.0000000000305176 0.0000000000002407 1
57 0.0000000000004768 0.0000000000001199 1

58 0.0000010000000000 0.0000007125503476 0
58 0.0000005000000000 0.0000007215075675 0
58 0.0000001250000000 0.0000007475200334 0
58 0.0000000156250000 0.0000008220729875 0
58 0.0000000009765625 0.0000008082088288 0
58 0.0000000000305176 0.0000008081627421 0
58 0.0000000000004768 0.0000008082235690 0

59 0.0000010000000000 0.0000000907372453 1
59 0.0000005000000000 0.0000001193016281 1
59 0.0000001250000000 0.0000000311176915 1
59 0.0000000156250000 0.0000000049048028 1
59 0.0000000009765625 0.0000000000055147 1
59 0.0000000000305176 0.0000000000067146 1
59 0.0000000000004768 0.0000000000000080 1

60 0.0000010000000000 0.0000003457416904 1
60 0.0000005000000000 0.0000003359059333 1
60 0.0000001250000000 0.0000000317918465 1
60 0.0000000156250000 0.0000000008625731 1
60 0.0000000009765625 0.0000000000183382 1
60 0.0000000000305176 0.0000000000000497 1
60 0.0000000000004768 0.0000000000000897 1

61 0.0000010000000000 0.0000005310989106 1
61 0.0000005000000000 0.0000000017942510 1
61 0.0000001250000000 0.0000000114136043 1
61 0.0000000156250000 0.0000000000939373 1
61 0.0000000009765625 0.0000000003184484 1
61 0.0000000000305176 0.0000000000029656 1
61 0.0000000000004768 0.0000000000000009 1

62 0.0000010000000000 0.0000001007141295 1
62 0.0000005000000000 0.0000000050116586 1
62 0.0000001250000000 0.0000000018159882 1
62 0.0000000156250000 0.0000000000656568 1
62 0.0000000009765625 0.0000000000056266 1
62 0.0000000000305176 0.0000000000007763 1
62 0.0000000000004768 0.0000000000000169 1

63 0.0000010000000000 0.0000001010990927 1
63 0.0000005000000000 0.0000000240698483 1
63 0.0000001250000000 0.0000000077599935 1
63 0.0000000156250000 0.0000000015237127 1
63 0.0000000009765625 0.0000000000975229 1
63 0.0000000000305176 0.0000000000016476 1
63 0.0000000000004768 0.0000000000000613 1

64 0.0000010000000000 0.0039175673338550 0
64 0.0000005000000000 0.0039176179841789 0
64 0.0000001250000000 0.0039179022044777 0
64 0.0000000156250000 0.0039176800303000 0
64 0.0000000009765625 0.0039176755129740 0
64 0.0000000000305176 0.0039176767164042 0
64 0.0000000000004768 0.0039176767059175 0

65 0.0000010000000000 0.0000000251323771 1
65 0.0000005000000000 0.0000000353053995 1
65 0.0000001250000000 0.0000000584726996 1
65 0.0000000156250000 0.0000000023487203 1
65 0.0000000009765625 0.0000000000796883 1
65 0.0000000000305176 0.0000000000007851 1
65 0.0000000000004768 0.0000000000000053 1

66 0.0000010000000000 0.0000004843621486 1
66 0.0000005000000000 0.0000005504956970 1
66 0.0000001250000000 0.0000000767413537 1
66 0.0000000156250000 0.0000000087021119 1
66 0.0000000009765625 0.0000000000167475 1
66 0.0000000000305176 0.0000000000013731 1
66 0.0000000000004768 0.0000000000002807 1

67 0.0000010000000000 0.0000000015559367 1
67 0.0000005000000000 0.0000000033401815 1
67 0.0000001250000000 0.0000000248505501 1
67 0.0000000156250000 0.0000000000988489 1
67 0.0000000009765625 0.0000000000074820 1
67 0.0000000000305176 0.0000000000002940 1
67 0.0000000000004768 0.0000000000000071 1

68 0.0000010000000000 0.0000009383204569 1
68 0.0000005000000000 0.0000000224636150 1
68 0.0000001250000000 0.0000000200898995 1
68 0.0000000156250000 0.0000000017905668 1
68 0.0000000009765625 0.0000000003167813 1
68 0.0000000000305176 0.0000000000154037 1
68 0.0000000000004768 0.0000000000005782 1

69 0.0000010000000000 0.0001409250543869 0
69 0.0000005000000000 0.0001395609705339 0
69 0.0000001250000000 0.0001385139418524 0
69 0.0000000156250000 0.0001382264333589 0
69 0.0000000009765625 0.0001381896381893 0
69 0.0000000000305176 0.0001381902973945 0
69 0.0000000000004768 0.0001381903609632 0

70 0.0000010000000000 0.0000000276071583 1
70 0.0000005000000000 0.0000000078852533 1
70 0.0000001250000000 0.0000000021155930 1
70 0.0000000156250000 0.0000000002276845 1
70 0.0000000009765625 0.0000000000231797 1
70 0.0000000000305176 0.0000000000006857 1
70 0.0000000000004768 0.0000000000000027 1

71 0.0000010000000000 0.0000000005120153 1
71 0.0000005000000000 0.0000000023390596 1
71 0.0000001250000000 0.0000000039976316 1
71 0.0000000156250000 0.0000000034044927 1
71 0.0000000009765625 0.0000000003758105 1
71 0.0000000000305176 0.0000000000029141 1
71 0.0000000000004768 0.0000000000000151 1

72 0.0000010000000000 0.0000000564711486 1
72 0.0000005000000000 0.0000000132988687 1
72 0.0000001250000000 0.0000000007020908 1
72 0.0000000156250000 0.0000000005382601 1
72 0.0000000009765625 0.0000000001379803 1
72 0.0000000000305176 0.0000000000061409 1
72 0.0000000000004768 0.0000000000001323 1

73 0.0000010000000000 0.0000004358733312 1
73 0.0000005000000000 0.0000000428300133 1
73 0.0000001250000000 0.0000000251177585 1
73 0.0000000156250000 0.0000000077557525 1
73 0.0000000009765625 0.0000000001900160 1
73 0.0000000000305176 0.0000000000039115 1
73 0.0000000000004768 0.0000000000000258 1

74 0.0000010000000000 0.0000000044912207 1
74 0.0000005000000000 0.0000000036363064 1
74 0.0000001250000000 0.0000000004320011 1
74 0.0000000156250000 0.0000000065653616 1
74 0.0000000009765625 0.0000000000485239 1
74 0.0000000000305176 0.0000000000038982 1
74 0.0000000000004768 0.0000000000000142 1

75 0.0000010000000000 0.0000000936963236 1
75 0.0000005000000000 0.0000000854301083 1
75 0.0000001250000000 0.0000001077808007 1
75 0.0000000156250000 0.0000000001430154 1
75 0.0000000009765625 0.0000000001291376 1
75 0.0000000000305176 0.0000000000265574 1
75 0.0000000000004768 0.0000000000000426 1

76 0.0000010000000000 0.0033768687763285 0
76 0.0000005000000000 0.0033813444875550 0
76 0.0000001250000000 0.0033816280812191 0
76 0.0000000156250000 0.0033814967780739 0
76 0.0000000009765625 0.0033814756146642 0
76 0.0000000000305176 0.0033814757187347 0
76 0.0000000000004768 0.0033814756116950 0

77 0.0000010000000000 0.0000000026486919 1
77 0.0000005000000000 0.0000000024461988 1
77 0.0000001250000000 0.0000000015804726 1
77 0.0000000156250000 0.0000000003495826 1
77 0.0000000009765625 0.0000000000464926 1
77 0.0000000000305176 0.0000000000017231 1
77 0.0000000000004768 0.0000000000000133 1

78 0.0000010000000000 0.0013530877831767 0
78 0.0000005000000000 0.0013527414131445 0
78 0.0000001250000000 0.0013528142581007 0
78 0.0000000156250000 0.0013527567917437 0
78 0.0000000009765625 0.0013527545976761 0
78 0.0000000000305176 0.0013527534407567 0
78 0.0000000000004768 0.0013527534659978 0

79 0.0000010000000000 0.0000006080278654 1
79 0.0000005000000000 0.0000000187227518 1
79 0.0000001250000000 0.0000000041858006 1
79 0.0000000156250000 0.0000000158743045 1
79 0.0000000009765625 0.0000000001475291 1
79 0.0000000000305176 0.0000000000021210 1
79 0.0000000000004768 0.0000000000001625 1

80 0.0000010000000000 0.0000000344127846 1
80 0.0000005000000000 0.0000000032262095 1
80 0.0000001250000000 0.0000000025607365 1
80 0.0000000156250000 0.0000000002903962 1
80 0.0000000009765625 0.0000000000304645 1
80 0.0000000000305176 0.0000000000004770 1
80 0.0000000000004768 0.0000000000000115 1

81 0.0000010000000000 0.0000001123812616 1
81 0.0000005000000000 0.0000000086899110 1
81 0.0000001250000000 0.0000000014709878 1
81 0.0000000156250000 0.0000000003926228 1
81 0.0000000009765625 0.0000000000139551 1
81 0.0000000000305176 0.0000000000019664 1
81 0.0000000000004768 0.0000000000000187 1

82 0.0000010000000000 0.0000000395077926 1
82 0.0000005000000000 0.0000000109726530 1
82 0.0000001250000000 0.0000000085615683 1
82 0.0000000156250000 0.0000000012216201 1
82 0.0000000009765625 0.0000000000339115 1
82 0.0000000000305176 0.0000000000050360 1
82 0.0000000000004768 0.0000000000000133 1

83 0.0000010000000000 0.0000000005360450 1
83 0.0000005000000000 0.0000000001388232 1
83 0.0000001250000000 0.0000000005152092 1
83 0.0000000156250000 0.0000000000044027 1
83 0.0000000009765625 0.0000000000002474 1
83 0.0000000000305176 0.0000000000000515 1
83 0.0000000000004768 0.0000000000000231 1

84 0.0000010000000000 0.0000004401979306 1
84 0.0000005000000000 0.0000000633537405 1
84 0.0000001250000000 0.0000000055039706 1
84 0.0000000156250000 0.0000000083346818 1
84 0.0000000009765625 0.0000000000410707 1
84 0.0000000000305176 0.0000000000034706 1
84 0.0000000000004768 0.0000000000001483 1

85 0.0000010000000000 0.0000000258339607 1
85 0.0000005000000000 0.0000000605081754 1
85 0.0000001250000000 0.0000000212432072 1
85 0.0000000156250000 0.0000000002158176 1
85 0.0000000009765625 0.0000000003614415 1
85 0.0000000000305176 0.0000000000024452 1
85 0.0000000000004768 0.0000000000000293 1

86 0.0000010000000000 0.0000000042263402 1
86 0.0000005000000000 0.0000000038149439 1
86 0.0000001250000000 0.0000000078158431 1
86 0.0000000156250000 0.0000000100853743 1
86 0.0000000009765625 0.0000000014471064 1
86 0.0000000000305176 0.0000000000004903 1
86 0.0000000000004768 0.0000000000003952 1

87 0.0000010000000000 0.0000000085765146 1
87 0.0000005000000000 0.0000000241049944 1
87 0.0000001250000000 0.0000000055083786 1
87 0.0000000156250000 0.0000000006650600 1
87 0.0000000009765625 0.0000000000741656 1
87 0.0000000000305176 0.0000000000013660 1
87 0.0000000000004768 0.0000000000000311 1

88 0.0000010000000000 0.0000002036113127 1
88 0.0000005000000000 0.0000000318650111 1
88 0.0000001250000000 0.0000000025705118 1
88 0.0000000156250000 0.0000000005505116 1
88 0.0000000009765625 0.0000000000361036 1
88 0.0000000000305176 0.0000000000001030 1
88 0.0000000000004768 0.0000000000000391 1

89 0.0000010000000000 0.0000000092752206 1
89 0.0000005000000000 0.0000000254842050 1
89 0.0000001250000000 0.0000000002267466 1
89 0.0000000156250000 0.0000000003739107 1
89 0.0000000009765625 0.0000000000397211 1
89 0.0000000000305176 0.0000000000003118 1
89 0.0000000000004768 0.0000000000000311 1

90 0.0000010000000000 0.0000017537070045 1
90 0.0000005000000000 0.0000008415325556 1
90 0.0000001250000000 0.0000002002109092 1
90 0.0000000156250000 0.0000000244291227 1
90 0.0000000009765625 0.0000000015202737 1
90 0.0000000000305176 0.0000000000663469 1
90 0.0000000000004768 0.0000000000005569 1

91 0.0000010000000000 0.0000000011246977 1
91 0.0000005000000000 0.0000000051762008 1
91 0.0000001250000000 0.0000000129593838 1
91 0.0000000156250000 0.0000000007286500 1
91 0.0000000009765625 0.0000000000973994 1
91 0.0000000000305176 0.0000000000098259 1
91 0.0000000000004768 0.0000000000000213 1

92 0.0000010000000000 0.0000000175594455 1
92 0.0000005000000000 0.0000000171037779 1
92 0.0000001250000000 0.0000000096262500 1
92 0.0000000156250000 0.0000000000981801 1
92 0.0000000009765625 0.0000000000652900 1
92 0.0000000000305176 0.0000000000002975 1
92 0.0000000000004768 0.0000000000000027 1

93 0.0000010000000000 0.0000000013103501 1
93 0.0000005000000000 0.0000000009520589 1
93 0.0000001250000000 0.0000000009699095 1
93 0.0000000156250000 0.0000000027573268 1
93 0.0000000009765625 0.0000000021435431 1
93 0.0000000000305176 0.0000000000081197 1
93 0.0000000000004768 0.0000000000002602 1

94 0.0000010000000000 0.0000002130749284 1
94 0.0000005000000000 0.0000001188164895 1
94 0.0000001250000000 0.0000000071295077 1
94 0.0000000156250000 0.0000000014926895 1
94 0.0000000009765625 0.0000000004456173 1
94 0.0000000000305176 0.0000000000014779 1
94 0.0000000000004768 0.0000000000001981 1

95 0.0000010000000000 0.0027661059464954 0
95 0.0000005000000000 0.0027671258831390 0
95 0.0000001250000000 0.0027665996563733 0
95 0.0000000156250000 0.0027665730916908 0
95 0.0000000009765625 0.0027665885091639 0
95 0.0000000000305176 0.0027665875255551 0
95 0.0000000000004768 0.0027665875054201 0

96 0.0000010000000000 0.0000008729937777 1
96 0.0000005000000000 0.0000000614168476 1
96 0.0000001250000000 0.0000000583301949 1
96 0.0000000156250000 0.0000000026558378 1
96 0.0000000009765625 0.0000000001609153 1
96 0.0000000000305176 0.0000000000095346 1
96 0.0000000000004768 0.0000000000001807 1

97 0.0000010000000000 0.0000000001055382 1
97 0.0000005000000000 0.0000000006863519 1
97 0.0000001250000000 0.0000000007178724 1
97 0.0000000156250000 0.0000000003622311 1
97 0.0000000009765625 0.0000000000155089 1
97 0.0000000000305176 0.0000000000007532 1
97 0.0000000000004768 0.0000000000000084 1

98 0.0000010000000000 0.0000000236338225 1
98 0.0000005000000000 0.0000000313358344 1
98 0.0000001250000000 0.0000000261274309 1
98 0.0000000156250000 0.0000000036748182 1
98 0.0000000009765625 0.0000000000059543 1
98 0.0000000000305176 0.0000000000018225 1
98 0.0000000000004768 0.0000000000001221 1

99 0.0000010000000000 0.0000001832888308 1
99 0.0000005000000000 0.0000000260480149 1
99 0.0000001250000000 0.0000000209694417 1
99 0.0000000156250000 0.0000000014246915 1
99 0.0000000009765625 0.0000000000388347 1
99 0.0000000000305176 0.0000000000013562 1
99 0.0000000000004768 0.0000000000000417 1

100 0.0000010000000000 0.0000000612348359 1
100 0.0000005000000000 0.0000000679825733 1
100 0.0000001250000000 0.0000000005576792 1
100 0.0000000156250000 0.0000000015371513 1
100 0.0000000009765625 0.0000000000037437 1
100 0.0000000000305176 0.0000000000003157 1
100 0.0000000000004768 0.0000000000000178 1

101 0.0000010000000000 0.0005279300989796 0
101 0.0000005000000000 0.0005283557591120 0
101 0.0000001250000000 0.0005282882664295 0
101 0.0000000156250000 0.0005279428752818 0
101 0.0000000009765625 0.0005279462698291 0
101 0.0000000000305176 0.0005279461495289 0
101 0.0000000000004768 0.0005279461613288 0

102 0.0000010000000000 0.0000000072017219 1
102 0.0000005000000000 0.0000000079454008 1
102 0.0000001250000000 0.0000000020578073 1
102 0.0000000156250000 0.0000000002291669 1
102 0.0000000009765625 0.0000000000061515 1
102 0.0000000000305176 0.0000000000002052 1
102 0.0000000000004768 0.0000000000000382 1

103 0.0000010000000000 0.0015368460088911 0
103 0.0000005000000000 0.0015365898606055 0
103 0.0000001250000000 0.0015360586937843 0
103 0.0000000156250000 0.0015360409773413 0
103 0.0000000009765625 0.0015360173685481 0
103 0.0000000000305176 0.0015360162803462 0
103 0.0000000000004768 0.0015360162626430 0

104 0.0000010000000000 0.0000001688876363 1
104 0.0000005000000000 0.0000000044733968 1
104 0.0000001250000000 0.0000000065426082 1
104 0.0000000156250000 0.0000000022956135 1
104 0.0000000009765625 0.0000000000003135 1
104 0.0000000000305176 0.0000000000029274 1
104 0.0000000000004768 0.0000000000000213 1

105 0.0000010000000000 0.0000001615755902 1
105 0.0000005000000000 0.0000000343136684 1
105 0.0000001250000000 0.0000000765618822 1
105 0.0000000156250000 0.0000000004586278 1
105 0.0000000009765625 0.0000000000246310 1
105 0.0000000000305176 0.0000000000097939 1
105 0.0000000000004768 0.0000000000000391 1

106 0.0000010000000000 0.0000019168021268 1
106 0.0000005000000000 0.0000000347480249 1
106 0.0000001250000000 0.0000000267689506 1
106 0.0000000156250000 0.0000000006331948 1
106 0.0000000009765625 0.0000000003929550 1
106 0.0000000000305176 0.0000000000073852 1
106 0.0000000000004768 0.0000000000000711 1

107 0.0000010000000000 0.0000008143062438 1
107 0.0000005000000000 0.0000003225881069 1
107 0.0000001250000000 0.0000001802836276 1
107 0.0000000156250000 0.0000000103824691 1
107 0.0000000009765625 0.0000000007360850 1
107 0.0000000000305176 0.0000000000262199 1
107 0.0000000000004768 0.0000000000005831 1

108 0.0000010000000000 0.0016106478229965 0
108 0.0000005000000000 0.0016107224396507 0
108 0.0000001250000000 0.0016107934221674 0
108 0.0000000156250000 0.0016107876113312 0
108 0.0000000009765625 0.0016107878196254 0
108 0.0000000000305176 0.0016107878298954 0
108 0.0000000000004768 0.0016107878338043 0

109 0.0000010000000000 0.0000002863223432 1
109 0.0000005000000000 0.0000001178821631 1
109 0.0000001250000000 0.0000000186974769 1
109 0.0000000156250000 0.0000000055585021 1
109 0.0000000009765625 0.0000000006319278 1
109 0.0000000000305176 0.0000000000161946 1
109 0.0000000000004768 0.0000000000000240 1

110 0.0000010000000000 0.0000000043166799 1
110 0.0000005000000000 0.0000000062309997 1
110 0.0000001250000000 0.0000000046395972 1
110 0.0000000156250000 0.0000000125694726 1
110 0.0000000009765625 0.0000000000125313 1
110 0.0000000000305176 0.0000000000000360 1
110 0.0000000000004768 0.0000000000000355 1

111 0.0000010000000000 0.0009098896850470 0
111 0.0000005000000000 0.0009098626616786 0
111 0.0000001250000000 0.0009096676958920 0
111 0.0000000156250000 0.0009096386059482 0
111 0.0000000009765625 0.0009096433892766 0
111 0.0000000000305176 0.0009096436118159 0
111 0.0000000000004768 0.0009096436403704 0

112 0.0000010000000000 0.0000000466476369 1
112 0.0000005000000000 0.0000000321831086 1
112 0.0000001250000000 0.0000000019950495 1
112 0.0000000156250000 0.0000000001641896 1
112 0.0000000009765625 0.0000000000096656 1
112 0.0000000000305176 0.0000000000006053 1
112 0.0000000000004768 0.0000000000000209 1

