0 0.00000000000024158453 0.00000000387078458175
1 0.00000000000020783375 0.00000000649142517517
2 0.00000000000002930989 0.00000000028648639017
3 0.00000000000003907985 0.00000000613344930400
4 0.00000000000032063241 0.00000001033636287673
5 0.00000000000003552714 0.00000001217157485911
6 0.00000000000004796163 0.00000008098282755498
7 0.00000000000004174439 0.00000000451481874109
8 0.00000000000008526513 0.00000000905813291041
9 0.00000000000014477308 0.00000000378422537750
10 0.00000000000001865175 0.00000000756759011011
11 0.00000000000000444089 0.00000000938121402783
12 0.06134854206834550183 0.14034855641916443858
13 0.00000000000079314333 0.00000001014246020503
14 0.00000000000000266454 0.00000001166970786670
15 0.00000000000003641532 0.00000001287844231257
16 0.00000000000000621725 0.00000002195418602469
17 0.00000000000003730349 0.00000000239693864756
18 0.00000000000002664535 0.00000002163247625475
19 0.00052428972795937057 0.02246237730894762308
20 0.01379770426095738856 0.03423503418044138158
21 0.00000000000013766766 0.00424964453877141324
22 0.00000000000018651747 0.00000005229218569269
23 0.00000000000025757174 0.00000000631865493261
24 0.00000000000007460699 0.00000002225432460534
25 0.00000000000017053026 0.00000000776606245978
26 0.00000000000000621725 0.01166913931693347450
27 0.01245367099140359812 0.04513754869019326321
28 0.00000000000015187851 0.00000001079149747341
29 0.00000000000003019807 0.00000003465171172223
30 0.05445159857557690941 0.10040921973588812222
31 0.00000000000006039613 0.00000001900793389353
32 0.02177112716144602445 0.05253153767564988641
33 0.00000000000008970602 0.00098291431851915689
34 0.00000000000014299673 0.00000000861203375280
35 0.00000000000040234482 0.00000000060663918333
36 0.00000000000002842171 0.00000006175993494395
37 0.00000000000005062617 0.00000002596812365141
38 0.00000000000005062617 0.00267933526369468211
39 0.00000000000006661338 0.00307374528323478557
40 0.00000000000147615253 0.00000008597950529321
41 0.00000000000002753353 0.00000007422934533707
42 0.00000000000002664535 0.00125444371602601024
43 0.00000000000004352074 0.00159683354081163742
44 0.00000000000001776357 0.00000004082022897478
45 0.00000000000002398082 0.00140042147324148658
46 0.00000000000000621725 0.00000003336949561117
47 0.00000000000001687539 0.00050887516648945308
48 0.01228408740672470856 0.03212371775136091401
49 0.00000000000001509903 0.00000001693230888833
50 0.00000000000000532907 0.00000010899885261040
51 0.00000000000035527137 0.00000000324883053793
52 0.00000000000066835426 0.00000004733060432471
53 0.00000000000031885605 0.00000003547639959578
54 0.00000000000000444089 0.00000003091421785228
55 0.00000000000013766766 0.00000008045453991912
56 0.00000000000000088818 0.00000002123057374348
57 0.00000081303143506517 0.02049413031356639436
58 0.00000000000001421085 0.01069156336321608336
59 0.00000000000000444089 0.00334514377104344618
60 0.00000000000003552714 0.00000000512825870658
61 0.00000000000003641532 0.00000002012975386378
62 0.00000000000010746959 0.00059652844891822099
63 0.00391767670550358105 0.02001886999922053434
64 0.00000000000007815970 0.00000000922328791120
65 0.00000000000005417888 0.01873891911830138923
66 0.00000000000000000000 0.00005819653910155154
67 0.00000000000000444089 0.00688997505088906337
68 0.00013819036121365258 0.02704151354552308817
69 0.00000000000001776357 0.01552198321808084813
70 0.00000000000003197442 0.00000008029990272718
71 0.00000000000000088818 0.00000000723900495103
72 0.00000000000001598721 0.00000000644129016791
73 0.00000000000010302870 0.00000006093454629763
74 0.00000000000015099033 0.00000001051753883985
75 0.00338147560993373730 0.01105546170621263258
76 0.00000000000000444089 0.00149883707937537025
77 0.00135275346636731797 0.00547955090359852903
78 0.00000000000010391688 0.00000002461996206904
79 0.00000000000001865175 0.03936501409190373835
80 0.00000000000005062617 0.00000000626599394593
81 0.00000000000006217249 0.00000001745225386429
82 0.00000000000000444089 0.00000008345211099936
83 0.00000000000009636736 0.00000004770854822311
84 0.00000000000023003821 0.02164427578085437176
85 0.00000000000006661338 0.00000000443026948460
86 0.00000000000002131628 0.00546941853126980959
87 0.00000000000000976996 0.00000000761665930327
88 0.00000000000000710543 0.00120964482974894594
89 0.00000011687622691881 0.00000001050911357936
90 0.00000000000008615331 0.00000003063792775038
91 0.00000000000000976996 0.00000005269795622098
92 0.00000000000052846616 0.00000036375787093590
93 0.00000000000003819167 0.00000000138406086592
94 0.00276658750548808285 0.01602727950652305111
95 0.00000000000001998401 0.00000002477790594924
96 0.00000000000001065814 0.00000002745195448739
97 0.00000000000002042810 0.00150695470292872002
98 0.00000000000005684342 0.00000000660069598979
99 0.00000000000003419487 0.00000007765752041422
100 0.00052794616123108540 0.00450115392178629392
101 0.00000000000003730349 0.00048328420552401496
102 0.00153601626145682957 0.01226810617708373741
103 0.00000000000001421085 0.00000001384497405610
104 0.00000000000010924595 0.01820890555310938907
105 0.00000000000005684342 0.00000001364286283945
106 0.00000000000005329071 0.00000004781952611665
107 0.00161078783381674029 0.00437631974478858154
108 0.00000000000032107650 0.00000012174713281965
109 0.00000000000000532907 0.00000000759717089238
110 0.00090964364045653667 0.00536118756073333813
111 0.00000000000002486900 0.00027507957852845877
