0 0.37500000000001065814 0.37500000089191054542
1 0.37499999999970246023 0.37500000882508643940
2 0.32493453159140806008 0.33143677698559859124
3 0.37500000000034638958 0.37500000137889166751
4 0.05936418030507173427 0.08539342973560160033
5 0.31946969796442026279 0.32453257645453348346
6 0.12821274398318571741 0.14476000983658732224
7 0.28230146761948571310 0.29150771360403560095
8 0.37499999999988542498 0.37500000557694779246
9 0.12500000000020872193 0.12500002190180570238
10 0.00926751017303040214 0.04407839162798765642
11 0.14961536632813299263 0.16743837319430721067
12 0.00044624765066547667 0.00200109427186667688
13 0.05303491041780628024 0.08397940556662675249
14 0.21254790904907938653 0.24034678022778965811
15 0.26038691461629781543 0.26856136407176389724
16 0.18798222671073627765 0.20050487901122249212
17 0.11524386743139647393 0.13732054483304256820
18 0.23604572152039082766 0.25245373151908889753
19 0.12500000000003730349 0.12500004869287728582
20 0.10839149474184051059 0.12108067657917942483
21 0.04713781310655207335 0.07110454495651463702
22 0.00000000000042899018 0.00000006676714381371
23 0.12500000000008792966 0.12500002538016197207
24 0.04415005499292856683 0.08037213110102392477
25 0.10847785087683892158 0.14674766882533152312
26 0.01391141907877901929 0.05432707129515801370
27 0.12104873222530354582 0.13727945384733164502
28 0.12519870932527066287 0.15864532647790774433
29 0.15209410086993990774 0.18585402686596008692
30 0.30740812353534519019 0.30753143015534689653
31 0.00904936990564664256 0.03990489372078176444
32 0.03230150924025654291 0.06384538793905480958
33 0.14104382307459673029 0.16729169626597784060
34 0.17248036120849974395 0.20367765432065443321
35 0.00044626666110847424 0.00200051527658740014
36 0.17632614395999102186 0.18168523570769679054
37 0.06051336166817655737 0.08939047294795177123
38 0.20864333675424795445 0.23660283525267100657
39 0.20979201016728588058 0.21420419742039431554
40 0.05956384883601373303 0.08599987614501003463
41 0.04187346870250241437 0.07393232457702758609
42 0.00000000000123545618 0.00000004494341965255
43 0.07347355988092818535 0.13079372388366916624
44 0.01788775970890910116 0.04399349134985897081
45 0.06308862145611815464 0.12037506882122706031
46 0.00599848933523361438 0.14713180234263401047
47 0.00000000000003819167 0.00000000407038314165
48 0.08018862527101511262 0.11122246622848575015
49 0.00196212308882071085 0.01056447219207701238
50 0.02966451855183027675 0.06176778828323925552
51 0.01913994403738605854 0.05444463723632608776
52 0.08173350694177994313 0.12569221938949226569
53 0.10518568942735218030 0.14137958376404835548
54 0.07153251616907052579 0.11280931884645539753
55 0.07470074172606899765 0.13499699294839029307
56 0.11124497782921860534 0.14874278017683906228
57 0.10820680507358559908 0.12103581573400123972
58 0.09406715013885769139 0.11802914624882987482
59 0.08697987367095016964 0.14414866716013641224
60 0.05787340293193565799 0.09623209400433019312
61 0.07806982813260265885 0.11802623572551240727
62 0.28602265548431304865 0.32816882033401029162
63 0.00696200555171877511 0.03852110542558850881
64 0.00000000000070254913 0.00000011605747030075
65 0.03922325815228600021 0.07681786807786661342
66 0.09429425064890750718 0.11847970403489505031
67 0.10583658960248865100 0.14547328931131353613
68 0.13247809983859415439 0.17237594142557810528
69 0.01345255427783342839 0.05431439128062010013
70 0.33801182748607949691 0.34913784968168570799
71 0.13458477204468355382 0.15621731908487745955
72 0.03090515175948649329 0.05728479944337383500
73 0.00816807863103896636 0.03229501679639756873
74 0.11573958615032253761 0.13670597252564320456
75 0.00044626703859496075 0.00191414631594533091
76 0.15263131675250374286 0.18889636401900666840
77 0.30740468101518736432 0.30753134872593523852
78 0.16508189074564239007 0.16680305657760374771
79 0.06042262908860429604 0.07567841007638609341
80 0.00000000000007549517 0.00000001468253607584
81 0.00407562358797441959 0.03121357194767426790
82 0.00200272126835088216 0.02919089146226649945
83 0.03596966490573372255 0.05825072119443852614
84 0.02911256442024434676 0.06343321359750042632
85 0.00000002845955737740 0.00000000920020326589
86 0.01362133080757654824 0.02382348775485620962
87 0.05636728241235111625 0.11977176558068869383
88 0.10419001538338079627 0.17769371737310724058
89 0.00000000000075495166 0.00000002503474227922
90 0.00000000000118305366 0.00175844320088014427
91 0.02308901084684045202 0.07408320426719416929
92 0.00793009582289627701 0.02942279034476147359
93 0.11596010756323860136 0.16943040525725194811
94 0.00510859387347384342 0.06466565706192550778
95 0.03644008885275784593 0.10632789035457346216
96 0.06557011685388669520 0.10910256935516482457
97 0.09323797033491665331 0.11794161750642295772
98 0.01715510803696940201 0.06494820065731410352
99 0.01689894232668454066 0.04390487812429633152
100 0.06527443161163493102 0.12374304276984471329
101 0.00000210087463603514 0.00000000401748945222
102 0.08708104611265010675 0.14190661879388422051
103 0.00505991219257939662 0.02763102062047817498
104 0.02436079875056851307 0.08169373795160694840
105 0.06498908477768772229 0.12399140932860408526
106 0.05988706112632691259 0.10978551159536653614
107 0.09492164289433802082 0.13530716460856329064
108 0.10608613284641332797 0.13156155492255727779
109 0.02509511356683535865 0.09528476495558990678
110 0.04484277384495172214 0.09015050025338755546
111 0.16408341555966732273 0.20746221203243386810
112 0.04783731453737782857 0.14477704593921103537
113 0.05108180595230837895 0.11850241265381633582
114 0.00000000000003375078 0.00000003833602146841
115 0.01176408163142639296 0.04691371201984662065
116 0.00137984556827586147 0.01079848782061443302
117 0.02304141909814561018 0.05980753201972177635
118 0.03775659273468789934 0.07047698409312541656
119 0.23909505404201158996 0.27109043377895503113
120 0.09058635881427701264 0.14013676303165834014
121 0.24290280789168949838 0.29351086576983753673
122 0.07349010529669364189 0.12600266128379633557
123 0.00138062818778372787 0.02247140087014720677
124 0.00410260166862830289 0.14712436682237051144
125 0.22240950492921118808 0.27094384782371250253
126 0.07584966759027622629 0.12017164133384294900
127 0.00000000000003641532 0.00000000762953877853
128 0.07848890307232725405 0.11122240671504624032
129 0.07674774192951705487 0.09045242399988229209
130 0.07009360298298261682 0.11155562227239013140
131 0.00191107198590056981 0.01043476700482148800
132 0.03154249847062828849 0.06646627765457768788
133 0.07407577027053857677 0.10321324652737651206
134 0.11471484905365780804 0.17383955779335202863
135 0.06525400727907992859 0.11269448196248887939
136 0.20025200570914325482 0.25511876425642388000
137 0.00295072341792135262 0.02951732255760575185
138 0.16913278407347664967 0.19917589533785751144
139 0.00000000000011812773 0.00000004542424214549
140 0.08645753561106150897 0.11038988484479350660
141 0.25515313528305316737 0.32892846429131239461
142 0.00813448947699590974 0.02987305628645131605
143 0.00046396881718369087 0.00186816472389228494
144 0.00000004142072196345 0.00000002374051799592
145 0.02731148702342345302 0.06039370223276741001
146 0.12581076588833184360 0.17969472346889947545
147 0.37499999999997246647 0.37500000864143512302
148 0.00000000000051159077 0.00000000720258963582
149 0.00122145094583370195 0.01599135929919803800
150 0.00000000000042366111 0.00064930817649422323
151 0.01278566043103701588 0.04603097726659566291
152 0.03996855355240658270 0.07883741318091885830
153 0.10210526318282475700 0.18757929078793367239
154 0.00000000000019095836 0.00000000538669997496
155 0.00000000000003108624 0.00000002061475168347
156 0.00090644468276668277 0.00925772456313289638
157 0.00145225465045761837 0.02266522195217213209
158 0.00000000000037392311 0.00000000552504531015
159 0.00094940320981873327 0.02014806134258595449
160 0.08512274124999041902 0.13745585838140783608
161 0.02210963756851391793 0.07028916500561699365
162 0.00084882599213198517 0.00459631423741413414
163 0.01006890125945947290 0.03821722414913786281
164 0.06271820537501504589 0.15712792898183991497
165 0.00300030002412388086 0.01574844289951382592
166 0.07502008851358166197 0.12869915155072408908
167 0.12587877389727086808 0.18174145227898375055
168 0.02706092423354888865 0.08315798590863110462
169 0.10060678729752048355 0.14227537659251066060
170 0.10650492393087507281 0.14068846570756399217
171 0.01567486411330065721 0.06250490846410361456
172 0.04049999135926274363 0.13046032095973281173
173 0.00358521729998972916 0.01719827932330719733
174 0.05136085798372747036 0.11956446604131887312
175 0.02783262978667178089 0.08937475805210404189
176 0.00898290032009096961 0.01652348012654236697
177 0.00531301693685648502 0.01958797669143041986
178 0.08799192819850798486 0.11699420947367933366
179 0.06054989230714014070 0.11359160942085200219
180 0.14640684829163230773 0.20631066101510420197
181 0.04949592665088786703 0.11129723012526060444
182 0.00448175598533939734 0.03030691949184127765
183 0.01660259863177149242 0.06394651670882289807
184 0.01430024325568624022 0.06319284260902957584
185 0.04567110031164656192 0.07736194830477938211
186 0.10458016082181043060 0.20008060137555272462
187 0.08164986030123255745 0.20430648812014684523
188 0.10894004634564335987 0.19379328894573699671
189 0.11771752639397892182 0.17182845136625513049
190 0.11564347241519445930 0.18370360044777722663
191 0.09059666001803545754 0.14094484711543131539
192 0.00000011077358585965 0.00000001718969944164
193 0.00000361485843214382 0.00000001191418341762
194 0.02282687647120340557 0.06446961259268402245
195 0.00001499648088199024 0.00035460084063654307
196 0.10554087633167430482 0.15562781953147997172
197 0.02766171976757991757 0.09804370987058685927
198 0.00646631438281186632 0.02955982344945784490
199 0.01688341173704088760 0.06911075353390483400
200 0.03487193391844733981 0.08957099030418902430
201 0.00604303748788925787 0.02211113194513014690
202 0.07454484045381448709 0.09309375745546510927
203 0.08533704547988740785 0.14563359261843000780
204 0.00986339023249183100 0.07198473073216948848
205 0.06719463290475502504 0.10083755504651126245
206 0.03803474663327932603 0.10709230374915090778
207 0.03831915347292635943 0.08722681938844978333
208 0.06091140211279899574 0.13003247316759836139
209 0.16557309208068105022 0.19625132916865961619
210 0.00227600307588993189 0.05182985203788348372
211 0.03857975810307667786 0.12003252372321870922
212 0.03607521040334837892 0.10420620521967016714
213 0.00986330796366363671 0.06258922127080168707
214 0.24366788999808886018 0.29901914566930898332
215 0.00000000000127364785 0.00000002302991042313
216 0.00482231438605040807 0.02705835541434620239
217 0.00000000000037125858 0.00175840135498628314
218 0.00000000000250288679 0.00000000412795841953
219 0.00043553027068732320 0.01033572907894608761
220 0.07683537925687566883 0.13874107608777741518
221 0.02393352291382466746 0.08021899344858063330
222 0.00360191298728818055 0.06411637865331609731
223 0.16350175969826086231 0.21934587977850839025
224 0.05213176318064238757 0.08834613410911629217
225 0.17138068500704850550 0.22053749808157707690
226 0.08361742683238126972 0.12259031810517928562
227 0.04087534006131132713 0.07699866060701676673
228 0.02704075801995120543 0.08732863021448977747
229 0.05077849389047717210 0.11895581740220340095
230 0.20829607133722571888 0.26238031079876922291
231 0.05379863906874149393 0.10121221865521956573
232 0.02067956654474389921 0.05110961714119355292
233 0.00067424392930615085 0.00852896980701078888
234 0.00134051444354010840 0.02164018679840307158
235 0.11725526979147460338 0.17724431837421139591
236 0.00000000000079669604 0.00000000136235200898
237 0.05971119095922983178 0.09119796220009490639
238 0.00000000000024602542 0.00000001403491722840
239 0.00000000000128785871 0.00000001674849769984
240 0.01900750404298445773 0.03344241556385174619
241 0.24102540378453518599 0.24102537865518414151
242 0.00000000000022915003 0.00000000651116227601
243 0.00333701340933068025 0.02114893501164072376
244 0.02894845410631052829 0.06918880481361622259
245 0.00000000000023359092 0.00000000268850630647
246 0.05824486545970053442 0.08131917426475521182
247 0.01526072115098653370 0.05906584364592859515
248 0.00492605736302476060 0.01726327160006579930
249 0.08816724580351298357 0.16973179043093633567
250 0.01165163356925180693 0.03969515841486614960
251 0.04863780712333820588 0.08636121020278864080
252 0.01227602676314987207 0.05036726524933854421
253 0.18837313838220115514 0.19658312758014506727
254 0.18837312410079487535 0.19658309989418754071
255 0.00000000000029132252 0.06394102639533283394
256 0.01875007837059428084 0.03533782891251391334
257 0.02585269563183700825 0.05994273575811170929
258 0.00200647857182012501 0.00201860081497517996
259 0.00131294870403220187 0.02939679427795116595
260 0.08894475440656002263 0.15258627627354659495
261 0.00000000000014210855 0.00529113160225680446
262 0.00739671336798419787 0.03400002266922541594
263 0.00035772229381336729 0.00442992601052782931
264 0.12421720533937463671 0.21598167914956256652
265 0.00801684967112770153 0.05387037440512010278
266 0.06492337457170727077 0.13926755430571002847
267 0.04749226574707954285 0.08999770275279406206
268 0.02344253291976894360 0.06485600321526518997
269 0.01451601793915813232 0.05014270981064949950
270 0.02195067132658579112 0.08495032161550852834
271 0.13059053126893882535 0.17430573151434991530
272 0.00977366800726731100 0.05881709016691072378
273 0.00000000000019007018 0.00000004194041558492
274 0.27468366779811415057 0.40157436251466371857
275 0.02465062220889091549 0.06704445923897939252
276 0.06132845341142090234 0.12115496139627079941
277 0.03877293230333211937 0.12536012968912579879
278 0.01322492388435403399 0.05897465283241043466
279 0.03108812640790858950 0.07980382924903217656
280 0.00000000000098143715 0.00000002891989669962
281 0.00000000000022559732 0.00000000171751501910
282 0.00060397943730627901 0.01115979632864227966
283 0.00000102919149469471 0.00000000219404139301
284 0.00044041431724028968 0.00369391854375678008
285 0.00001005123792641172 0.00026687191337426697
286 0.00791516728159891159 0.03621420285810916795
287 0.00000000000036770587 0.00001959071382806599
288 0.00253512328372362816 0.01853576439329529535
289 0.01042951507797695854 0.05209322276715777633
290 0.00083302584616529174 0.01246653980528478201
291 0.01726683855460997563 0.05023080009465274998
292 0.01538284451902960370 0.06250490128850483273
293 0.02136493875436595857 0.07263632514748419311
294 0.10477808259279441927 0.16984627859694256813
295 0.00215769149555811168 0.01271192502440676719
296 0.02921835982810172538 0.09946198031425712571
297 0.06813634281938263371 0.10958600027771936425
298 0.00696217744289651108 0.03514500682976695600
299 0.02957670491646435806 0.10186606464891223567
300 0.03517305477062926400 0.07786534333326589064
301 0.04065938022909154625 0.09015762725249132359
302 0.07858740637244743255 0.11990232087283292373
303 0.01848587695681747078 0.06907070144600790940
304 0.14439743981436059528 0.20105432766334629946
305 0.01179683452643054409 0.08229476320213091611
306 0.05560545335436817282 0.13825947247578174171
307 0.07564705918455327804 0.14472535419295873282
308 0.02686288844562501055 0.09262619321710285902
309 0.10306770195783698796 0.13132705462415561470
310 0.06457849220040667859 0.09467626458334077455
311 0.06636091097719809540 0.18061959881158884400
312 0.03931087113926245991 0.11299755270262412665
313 0.04777702692567142861 0.11477736488946188587
314 0.00000000000030464520 0.03485320708585604166
315 0.00094112997140527455 0.00805102482065400693
316 0.00918815607579315241 0.03682501663949011572
317 0.00057962781131681851 0.00381679456781380821
318 0.01981527402252147851 0.05855143919201388769
319 0.00490961621407048909 0.01285474138997955151
320 0.00343612093799627871 0.02568945316500936826
321 0.03591991879607725480 0.07317534990950314011
322 0.01715884000101919327 0.06848110692874787020
323 0.07364978150231404896 0.15558208693026198688
324 0.13803574537059404292 0.21086050167854875070
325 0.04941032800148104087 0.11727825766116062312
326 0.00306966195750302262 0.02041709094362875732
327 0.10617703654278454195 0.18967843286975405448
328 0.01386662520594850179 0.06250490572589040283
329 0.08197089709161264892 0.13307189947343633918
330 0.06487067434611493155 0.12084575168996902761
331 0.02266354143388760178 0.08567699208371237773
332 0.01170906381540604002 0.06797621960410538122
333 0.11981899134737084012 0.17526866626951065342
334 0.07068716161124122266 0.12419111969317064847
335 0.03510006755073646900 0.12614682484116190864
336 0.09561542601071604253 0.16200624484566272798
337 0.06243557670798871584 0.14621683768045201646
338 0.07278689892615730628 0.17341216928864700009
339 0.02153663621388535176 0.06929904597308400582
340 0.00000000000026556535 0.00000002569573354094
341 0.00001305021652164839 0.00035462147049791781
342 0.04626382285413033202 0.11933053148486738593
343 0.08503803442695456738 0.12972023265462606645
344 0.02506986693160673241 0.08248809633548770393
345 0.00562169756395025644 0.05360757636191859632
346 0.07417046579134378703 0.10673519709270617994
347 0.00322756982508565216 0.01497552140938296361
348 0.00204735522785171042 0.04223919712106205537
349 0.10939871848386673037 0.20033291340433834193
350 0.02832823097102732390 0.09310360294883768262
351 0.00457087172845582757 0.01785142353872792853
352 0.02350086891273317491 0.06420888920270595435
353 0.01410662723280342590 0.05837557042695618037
354 0.00984087768405128571 0.06257698813723333586
355 0.02639444719304595566 0.09817313843680519625
356 0.01674782174762601272 0.07071521392210300405
357 0.24490426696656975025 0.29536506050871746965
358 0.08649700324289000264 0.13957723371194141748
359 0.00000000000055422333 0.00000000600761485003
360 0.00001520640174401677 0.00035462724608148477
361 0.16003861848291123238 0.20649187109991995470
362 0.02795452540516762951 0.08221294269180301484
363 0.00040484926738937332 0.01012158304909327455
364 0.00000000000011546319 0.00000000070779382355
365 0.00000000000003552714 0.00000001916059222395
366 0.01266393470661064669 0.03293547444743083474
367 0.02262061473104726161 0.04447937501066689947
368 0.01987534582238481562 0.03128754327670790758
369 0.00289167124205658155 0.03662919174709422521
370 0.13522386393401664151 0.16399596054691034652
371 0.14845660420835748994 0.17508683694615534421
372 0.02055432896425024580 0.04518236005767128916
373 0.00407191222843295009 0.02176918869897725983
374 0.00011458191418345365 0.04284462516666742715
375 0.01113798069489035925 0.03388658959531554160
376 0.01001769364729643286 0.03931406525001790442
377 0.10807808623217063371 0.16933705303390311769
378 0.00139476684491590674 0.01025750757343502073
379 0.00000000000023536728 0.01026086068198317491
380 0.03699146706637890247 0.08430265368472156240
381 0.00198714910201847061 0.03295348943925180407
382 0.00152076093977449034 0.02993870769730300196
383 0.03306880707878612213 0.08540096753407500074
384 0.01937950170346969259 0.07848330427618233074
385 0.00034083399280149251 0.01422414103180180689
386 0.01889222871417484129 0.07434423831670944338
387 0.00034083399282369697 0.01422419597527913027
388 0.00000000000002930989 0.03013872809675444131
389 0.00034083399336815035 0.01422417809292042534
390 0.00023023608207317636 0.02100332242698410568
391 0.00000000000016964208 0.00000000527065324718
392 0.00105742247869144990 0.00347183391884442472
393 0.00000000000003996803 0.00000000727304527715
394 0.00301578938043434164 0.01277320498348988309
395 0.00362644897824715429 0.02776834145956108557
396 0.00661792230064417453 0.04860931270913226854
397 0.00025988525292230946 0.00237844077008908528
398 0.00738059995653550516 0.03848122986011848212
399 0.00454192804709840914 0.02625499704607658913
400 0.00672680113441792571 0.03445588108726393983
401 0.02821127030313785866 0.06308483262067365871
402 0.00309880894307568155 0.01224038149422757016
403 0.07273759458528861188 0.14816038465114900191
404 0.06082901816679431306 0.11312227636322536029
405 0.01061253268882378364 0.04952455709412184603
406 0.00292078241076776379 0.03530756549122315846
407 0.02189552614543721631 0.08078876348828067933
408 0.01200164933366743014 0.10045301386940419519
409 0.03335895156834833841 0.08070412950032590516
410 0.01038347420557972356 0.04336482423688448051
411 0.01534904928433800109 0.05761168649632519845
412 0.00129857414946954464 0.01352997564315305823
413 0.05286670701015427909 0.11268630471214535760
414 0.12366595822708426056 0.12556343643219491923
415 0.15432101626905225800 0.24705423542360449574
416 0.05565108068024571253 0.10520074652365085655
417 0.01259707431260892463 0.04889356843870817926
418 0.03681476009574335961 0.07902475520411123000
419 0.00288735349777979877 0.01276187131642370076
420 0.01875879024830950925 0.07172363399753667323
421 0.12366595212744613264 0.12556343920535617542
422 0.16654953669186678411 0.25069661238508089696
423 0.01877271898849031118 0.07811145533469776581
424 0.01731158144979616509 0.10532973579218563032
425 0.04501156626405400374 0.10382346921112795002
426 0.10625499607648158928 0.15446373138707159001
427 0.04545648850176409184 0.10369206027830113470
428 0.00233794225561645419 0.02069226058335704721
429 0.00000000000006128431 0.00000000766447971756
430 0.00032232354668693119 0.00415071973286096352
431 0.02337745008622071907 0.06530024665383216131
432 0.03389836371634835643 0.06073476783474962559
433 0.00430026267931893358 0.02505647757395301767
434 0.00211299166020229023 0.01468760217684028646
435 0.01069812564222871742 0.05880744138200810767
436 0.06082685088282158148 0.12508478012440438221
437 0.00717109400325544044 0.03330218478180135833
438 0.07705246108127550286 0.12944886526504362223
439 0.00682306572155688684 0.02765368540982215961
440 0.01164183673928942397 0.04984505218455304032
441 0.05685262544549285479 0.11931608278419503222
442 0.00000000000018030022 0.00000002069483695522
443 0.08180735173320918818 0.18781399237139240199
444 0.00757572866958255986 0.04410811823885030236
445 0.10746371958840317262 0.13955178016483316128
446 0.02046928313569829072 0.06450938358525704075
447 0.01873868827015279237 0.04729232635582825139
448 0.06866071059427536483 0.15611474432162086856
449 0.00698293409585204472 0.04356432970892587520
450 0.20876211285664059147 0.28906297273279157878
451 0.03153016607403547056 0.09022491139388488790
452 0.02129131840432840761 0.06769905429893618987
453 0.05890701991700897366 0.17295318155272187965
454 0.02707864652381974935 0.10988080239531239357
455 0.00983376089248810814 0.09125245166972106858
456 0.14300223004023582263 0.20260323610474806344
457 0.04221685889007975589 0.11005362142419716776
458 0.01180395193993977188 0.06460115305983293865
459 0.08919257899859101002 0.14533055173831144202
460 0.00488253065281618603 0.04291189134021866636
461 0.01394563349280630860 0.05362112813458796978
462 0.01539091387795554766 0.09200969231269695570
463 0.13203422107169249244 0.26546261974003382278
464 0.06827292297710751967 0.14020125190500998258
465 0.02323390463800389938 0.16136754262232333446
466 0.00000107575862973164 0.00000001176360164834
467 0.00000975102691658236 0.00026687357209098650
468 0.00000463308559339737 0.00026687084884979839
469 0.00033363533651886712 0.00442917588420588260
470 0.00120552313089827834 0.02228362626665614243
471 0.00072815027986905534 0.01022991353667279668
472 0.00158331904008068847 0.01037046803650287785
473 0.00931298901531896206 0.06114177711133716997
474 0.01071118052288611011 0.03328753047064125781
475 0.11595773541580545185 0.20102333914975645257
476 0.02865942053786341148 0.07371882026742060390
477 0.01960234349916767371 0.06103623492424148367
478 0.01125060923234588728 0.05301602719049558488
479 0.00388070109418947595 0.01121658597588215400
480 0.02577876781109011972 0.06934322010616611465
481 0.01446505287578947474 0.07568575892028484020
482 0.05761560813947053106 0.15611936543045601411
483 0.11611857144532233832 0.16653967539092029426
484 0.03649800589685536778 0.09848016125069047888
485 0.03330709737197601328 0.09810332006385369397
486 0.05977947552018481048 0.12760910105039169338
487 0.01343514341550822166 0.04604007639868878954
488 0.02297825565006128556 0.07883182207345029724
489 0.07369912702749648048 0.15330765225246079098
490 0.04963641351709036087 0.15655920979392146108
491 0.01842542279055869869 0.03473688593916612888
492 0.00028358226656344243 0.00316080546498387349
493 0.00205493129215383874 0.01846620256155073747
494 0.01386431448919189791 0.06250490490329951854
495 0.00069752338738204855 0.00814610886109345955
496 0.00225039789504766219 0.01817295411377539693
497 0.07336591596207497901 0.14660379477133744786
498 0.01549756277771408008 0.05479620636919335652
499 0.12903757570288298950 0.18117464091435575568
500 0.00195246375699831276 0.03510350464000211446
501 0.02248237862757829220 0.07811977619841048437
502 0.00001709250147996499 0.00035461599782227182
503 0.02866211080286173996 0.05291996584032698792
504 0.00755127502307040288 0.02734915983908869919
505 0.00761114220036240852 0.02510157675130475496
506 0.00293945360881942008 0.01495328336239243328
507 0.01334295475457825120 0.05263881253654112413
508 0.00776201701116097098 0.03686182386224867713
509 0.01031033495680144796 0.03102164809086893626
510 0.00331173783914717745 0.04068665472607868594
511 0.00463959652310119708 0.01332115789099486136
512 0.00954727950964961991 0.04381423808424589339
513 0.00000000000005773160 0.00000000266329891474
514 0.00411089751544579940 0.02949506843810656420
515 0.00000000000000532907 0.00000000918501008584
516 0.00015010589173947153 0.02914306462179272472
517 0.00000000000006661338 0.00000000484246065469
518 0.00000000000002131628 0.00000004374655748762
519 0.00061033073013216921 0.00323495166112763854
520 0.00000000000004174439 0.00000001816144301614
521 0.00083351916407714555 0.01469566414638379115
522 0.01368075149776792898 0.03800031400598768982
523 0.00315839840197273958 0.01163682764290019378
524 0.00717617029935357920 0.02137733989050882855
525 0.02128239401358911209 0.05764841550822374927
526 0.00032452721276499119 0.03583105355406424053
527 0.00638575097125215763 0.04020900313491271305
528 0.08966192406141981763 0.12442571703857385756
529 0.00000000000127542421 0.00463782975289106503
530 0.00000000000000976996 0.00025177485903959962
531 0.04871126208781451083 0.09521023897341862607
532 0.00464644265741309681 0.02899234613320800236
533 0.00000000000001776357 0.00000000115980203219
534 0.08506184893881840736 0.10226048239203500145
535 0.02109717182191772622 0.08120767590829913729
536 0.01977181529013982697 0.05686778696742500472
537 0.00957770133797186674 0.02519563938057522989
538 0.00430415456276822539 0.02659958096576175990
539 0.00265225125614421131 0.01753524889947488674
540 0.00000000000001243450 0.00504839290622349779
541 0.00000037499432270494 0.01782330503500428875
542 0.04059968163187743784 0.08471868043956476413
543 0.00335402174832744038 0.02695401998797031240
544 0.01647287293868071600 0.06993199055820298327
545 0.00579589382429279709 0.02881999254296019330
546 0.00000000000010302870 0.02017833816173197903
547 0.00884967231284949918 0.06123323120972123945
548 0.00000000000006750156 0.00000001264208560059
549 0.03427784341193085282 0.11837944469808903136
550 0.00335390159136217392 0.02695402380911549045
551 0.00022642417304297169 0.01660602668080990441
552 0.00335399665446534101 0.02695401412929054885
553 0.00201815648799552605 0.01652964134272671970
554 0.00130029116178942417 0.00927730516258673532
555 0.00168933276258531606 0.03010554136517118451
556 0.00121404163559102329 0.00749646443529439210
557 0.00489627596934738563 0.03072579523786522770
558 0.00365191897988825787 0.04162246963688343016
559 0.00151159833381786513 0.02988026294056655985
560 0.00120786831481911605 0.02340053451795576223
561 0.03493615344205380779 0.09477305588793161206
562 0.01020739690363647867 0.04102686499660368469
563 0.00175634543280889233 0.00994193198116999355
564 0.02381875210150585787 0.07098466102460498917
565 0.01560481053412221542 0.05588249506272813250
566 0.00093091201083606023 0.02576972503584418206
567 0.03097128981588159746 0.08496452323846082066
568 0.00772200948201540172 0.04935121766092365192
569 0.00791506725236423847 0.04174376049131112154
570 0.00741596187051385414 0.04083858188741018580
571 0.01366900349890087796 0.06639148151416129906
572 0.03091680738739999157 0.07642889981514144893
573 0.02341096320911706385 0.07578468608275290563
574 0.01106721873975669013 0.02698323203071151255
575 0.00619713475065175601 0.04629898785311237219
576 0.00000000000000888178 0.01422419195190016694
577 0.00000000000003907985 0.01422415170579593990
578 0.00662901031031903898 0.09247962339740478654
579 0.05825688110508409068 0.14141178162334266943
580 0.01018484999537427882 0.04526794153974389445
581 0.06297376073432392474 0.12191732964989743238
582 0.00956397398192532222 0.04847883193515301059
583 0.01653783800488017874 0.07858214954367070959
584 0.00000000000079491969 0.01422418761942889631
585 0.03599669845992359285 0.11813020458714973415
586 0.02296391738596881282 0.08765398357275522301
587 0.01291314630193607371 0.05039802752291500099
588 0.14621551363949958358 0.21135466044323436563
589 0.04343766626582112877 0.09763367008828360838
590 0.04183588360883927493 0.11929907813254203575
591 0.00959310064970786414 0.09734912869864054130
592 0.02901181692503218557 0.11871594843673261011
593 0.01127900058611430723 0.02940111923077548539
594 0.00312066557077894657 0.02176894833587095235
595 0.01021340097003697878 0.03168038699968267480
596 0.00020107967644378277 0.00237843775575807825
597 0.00277953231799177303 0.02053397929221123519
598 0.00321123508510190447 0.01946293875744498081
599 0.00250463168030901073 0.00980060300148100083
600 0.00496568681123665812 0.04518240809062135099
601 0.00275697187218248985 0.03144420587464225036
602 0.00092191155021215110 0.00989993383760179313
603 0.14349372465192899995 0.24132800574643287206
604 0.00749354908966282096 0.03409983781545378179
605 0.00193034211658016375 0.00898750659274760721
606 0.02744054006522311795 0.07837346425870350686
607 0.00674334665362330554 0.07279594325198424087
608 0.00848250682042550608 0.04300068362785047782
609 0.00896691864125909177 0.04569289787942842906
610 0.02913471743491680144 0.10870782616200447279
611 0.00944404596985126688 0.04493109284462537545
612 0.00829395811037869635 0.03556723840880948728
613 0.09065067339947940894 0.16264193413725269721
614 0.14698596480791792374 0.20896563930769751494
615 0.01306806090299161838 0.05683759076567795887
616 0.04950547366163871033 0.14731874240428854961
617 0.04232895875371145422 0.14302108762332021996
618 0.10068401634282952983 0.16384840255431498690
619 0.06287592680170028814 0.10595579188765125167
620 0.00943357637696351503 0.06046883963927207617
621 0.02103181677257381921 0.08822214663868521711
622 0.08601924038370789560 0.21859455831255125702
623 0.00074183112916070826 0.00277523030030035756
624 0.00517060641123823217 0.04848009084908166955
625 0.02104901557873883888 0.06750652569946780091
626 0.00271921921376616638 0.01524315665275732812
627 0.01762042754003712020 0.05841886943852259151
628 0.02420222519518500093 0.10199353770281405218
629 0.02290601601052166814 0.07743127643718317188
630 0.00000000000017497115 0.00000000084099305298
631 0.00001137495705716418 0.00026687240556277914
632 0.00032119528026175459 0.00415074816649863010
633 0.00058074068393754175 0.00932247948879361132
634 0.04748600016126935941 0.12869828042388320455
635 0.00000000000070521367 0.00000000393180066283
636 0.00000000000047073456 0.00398379328264653054
637 0.01626782928442072063 0.02759338563252278220
638 0.00003925624639311565 0.00434184256197589491
639 0.00000037563297627941 0.02559230667623157984
640 0.00000000000025579538 0.00460625442570972154
641 0.00000000000036592951 0.01420217206679730282
642 0.00000000000002131628 0.00000000753423190503
643 0.00409791338948028994 0.00597774938046491400
644 0.00790244444674925717 0.02177736790243223197
645 0.00182374875647717261 0.00892102709397679661
646 0.00038241596374710696 0.00413407754244676795
647 0.00431606631205116997 0.01320068969176002582
648 0.00768414836725206385 0.03282152009017558214
649 0.00966876705220087729 0.02219489185242018436
650 0.00173441653574357701 0.03568366973337600001
651 0.01327764533857589413 0.05178983023164818178
652 0.00857185065974874760 0.03020778307215277181
653 0.00000000000011901591 0.00000004507461515146
654 0.00085320826693280338 0.01320359302993256989
655 0.03779417790936445698 0.08806485561055765743
656 0.01192647095711496519 0.04199923014208817307
657 0.00633526640852277723 0.03837485157830045068
658 0.00374677291857317130 0.01917148746365526790
659 0.01728019148342774258 0.05854183808033663894
660 0.01178725721941287219 0.06521474445135400089
661 0.00000000000012079227 0.00000004619274296402
662 0.00000000000044408921 0.00000001489992929038
663 0.00000000000004085621 0.00000001998650756008
664 0.01256449680239679623 0.04911159310279344936
665 0.00013740480086621432 0.02748597602958646746
666 0.00000000000003375078 0.00000004548471466137
667 0.00000000000007371881 0.00000007627826104084
668 0.00000000000006750156 0.00000004675920539654
669 0.00171195418805591970 0.02509956856587969298
670 0.00000000000013322676 0.00000000959569490533
671 0.00000000000056754601 0.00000002492472184201
672 0.00000000000004529710 0.00000000157946811186
673 0.00283399334525480384 0.01039903428217936465
674 0.00569339962920878406 0.02555875719757416675
675 0.00886277029601689748 0.05189490940616625636
676 0.00675610808180593381 0.02377745811113918251
677 0.02299924098976902087 0.05285399244528043994
678 0.01165402818732363954 0.05575763181687953818
679 0.00234816465318932188 0.03653570104420111875
680 0.00352649101026170086 0.01902887656706475639
681 0.00450959798154748626 0.01328037777913593231
682 0.00099415855468887315 0.01026772892149541150
683 0.00709976978363080491 0.04305335632329310158
684 0.00770998518698728930 0.02614603120426295391
685 0.08151345132168863472 0.15758115294748265001
686 0.00384375131557224137 0.01923277941895396026
687 0.01045526116084261048 0.05688141481354591633
688 0.00380394899278968524 0.01826281071373347942
689 0.00323546178205269541 0.02470454891905138339
690 0.00000000646278586203 0.01547824466779434971
691 0.00554865756869205029 0.06758211390013180164
692 0.00692696971413031548 0.04752999743863206561
693 0.00335343160116341465 0.02406982233501242519
694 0.00399788767106201703 0.02270284865631300164
695 0.01460389574521858691 0.08149960161411407000
696 0.00671095536457055886 0.02532925047026246546
697 0.00145013470459698368 0.01535959769992523150
698 0.05391188918948852660 0.14532194760203953621
699 0.01450128005986783819 0.06125488391231748153
700 0.00395821326194756296 0.04761331710015781482
701 0.05022786093669395768 0.09880636026647593440
702 0.02218470919426351884 0.04036061165030169207
703 0.01519434147960474490 0.05329747453608391083
704 0.06028449649317213499 0.14910098607470168020
705 0.00733656184117315036 0.07092442027204004518
706 0.00671094950890438469 0.02532925077833425576
707 0.01595976431034795695 0.09068658522016992407
708 0.00671138765275181015 0.02532924831652039188
709 0.01289719131317035306 0.07429757339491960266
710 0.03524591130099707925 0.09755890286372093101
711 0.05083871638626558109 0.13391500629425490132
712 0.00046175617859578466 0.01106753458335774098
713 0.00332509839814409958 0.03153388962691749953
714 0.00497629840633440068 0.01292208028044594670
715 0.00000000000018207658 0.00000008998259826143
716 0.00293915430784963405 0.02168821872657211713
717 0.01942338820657951715 0.04997483085101617206
718 0.00000000000012878587 0.00000011112743258934
719 0.01065215739287062036 0.03416173300628244647
720 0.00508880646514420221 0.03040473850268643474
721 0.02082708898479701531 0.06808894041138113806
722 0.00716980548801782192 0.03686956079691938726
723 0.00887065152960531123 0.03596431837874103365
724 0.02604407601781222326 0.08855589433585642212
725 0.01409818133117646255 0.07451211859587214548
726 0.03994282819259442618 0.08677332290377925972
727 0.05564332694734197560 0.13629246196241417977
728 0.00344627488432447393 0.06364103866763937134
729 0.02361885705344235475 0.08750353132185839655
730 0.00554452644927572180 0.04077139954491926233
731 0.20911802655024480657 0.43338029508164410686
732 0.00000000000001154632 0.00000003732533571110
733 0.00060482884771850820 0.00322617058438368076
734 0.00116645478724564100 0.00644412388170945150
735 0.00119156250059404556 0.02240901575814291391
736 0.00155149468496151854 0.00867841940948910207
737 0.00021884531424376519 0.00737383128272561805
738 0.05529520472278548482 0.13689512318866281504
739 0.00750327459240285322 0.02980963169193628914
740 0.00206290346391480028 0.02968566731535116077
741 0.02763638899441112073 0.11171386190775400848
742 0.00000000000063860028 0.00000000887963746976
743 0.00623240864544971629 0.01096015999923238837
744 0.00194032877626781897 0.01024773306279591623
745 0.00000000000008792966 0.00000000027534685643
746 0.00204170146301851929 0.00655127430953683643
747 0.00894808039847472259 0.02638715677482572630
748 0.00003702819926321155 0.00434191610749579127
749 0.00522433467079697067 0.01255728401874289801
750 0.00753979898446477392 0.03715053714475047286
751 0.00163042414067682273 0.00792242220148242637
752 0.00270022792613211493 0.04177308635665788472
753 0.00314356005624283341 0.02953779690862834428
754 0.00000000000044142467 0.01384493623819516017
755 0.00188421659835658062 0.01945967339051701828
756 0.00225656062752221942 0.00956390510096216673
757 0.00000000000015187851 0.00460625187933860758
758 0.00000000000021049829 0.00000005101443179001
759 0.00391342810865946689 0.02242766249924610378
760 0.00000000000005151435 0.00000000699892677147
761 0.00000000000004884981 0.01404646296418210483
762 0.00078569379897519553 0.00463916527928542877
763 0.00000000000013766766 0.01384491341584759283
764 0.00887570559224215572 0.04578921220867204767
765 0.00063194722063197872 0.01276686137262394993
766 0.00000000000000444089 0.00000003819835114882
767 0.00000000000028688163 0.00000007200188001377
768 0.00000000000022382096 0.01384493524149910115
769 0.00000000000012523316 0.00000005962449023400
770 0.00746275751662306419 0.03470669568919326764
771 0.00960819815319879922 0.04643008450319197067
772 0.00000000000016964208 0.00000001580174657789
773 0.00775723332241096131 0.02917743618754364832
774 0.00151814636346259135 0.00990253959255937843
775 0.01011084516533511390 0.05813010053346001627
776 0.00566432545450812341 0.03385601919582725827
777 0.00869549376544753727 0.02044566237920708573
778 0.02622800195096441911 0.06941441784847679486
779 0.00599793486659194741 0.03687180435609338502
780 0.05665825586045247775 0.08818969785985775189
781 0.00121374594448742101 0.02427161091232843404
782 0.00000000000003286260 0.00000005516426160312
783 0.00000000000006572520 0.00000001546886707615
784 0.00604435911523815150 0.03373635523997897678
785 0.01631449470217738451 0.05083943694208947761
786 0.00422108080463168278 0.04423012821328864419
787 0.00000000000012612134 0.00000001309047625853
788 0.02082623561660135181 0.10074487762173411909
789 0.00809835166201189338 0.03626538651034039162
790 0.08049804188115228243 0.14168642321745661405
791 0.00742331416903763142 0.07639017537971959371
792 0.04512708936939890947 0.11479856230603502354
793 0.00066462389062493799 0.00258633350976289478
794 0.00291677852673632998 0.00645986674768828095
795 0.00164774518911592338 0.00697282534465948345
796 0.00431577625063361836 0.01320064295508771579
797 0.00172838040220035793 0.02864463468158184867
798 0.00043855077297294542 0.00287393367681865186
799 0.00085054337997192420 0.01319819901333207923
800 0.00266209272179018797 0.01443705872521050537
801 0.00327769068658945173 0.01922183333920735038
802 0.00093325914872011140 0.01402483690835421015
803 0.00488226981483297351 0.03374010285064965586
804 0.02270479679217629609 0.07913101330288974111
805 0.00455670106427685795 0.04341395900794609020
806 0.04049758900580524568 0.11976658538570550405
807 0.00242654052696700262 0.03899387337292559153
808 0.07391805827859521116 0.14939552740890338356
809 0.00000000000003641532 0.00000005405672975911
810 0.00428225397975179334 0.01450641833540800008
811 0.00746005374297986634 0.02008887850031637612
812 0.00000000000000532907 0.00293806069150726046
813 0.00349791841615409993 0.01590496919096651141
814 0.00280841013397736816 0.02199674988197219960
815 0.00081482276142263999 0.00551639797265046639
816 0.00000000000003197442 0.00293805436624516858
817 0.00000000000139976919 0.00000003409778770447
818 0.00343190237471269199 0.03372122361193863327
819 0.00000000000009148238 0.00000000076350126221
820 0.00000000000009503509 0.00000000658367582673
821 0.00480072496899985879 0.01479636742496737156
822 0.00525405538100987002 0.03910218635764017847
823 0.00215590362784556788 0.03333307310898003806
824 0.00000000000037037040 0.00293810610200218036
825 0.00000000000000355271 0.00293807732614581596
826 0.00000000000002753353 0.00000000425681445648
827 0.00118187758232757290 0.00521307788343161604
828 0.00451047093280187994 0.01302422551894188985
829 0.00399813969727791374 0.01058403887141956545
830 0.00698116042167740147 0.02512716037583384576
831 0.00169185437833263563 0.00865390036530389040
832 0.00202241038509054505 0.01761039497612948423
833 0.00065084059120223969 0.01355914529647250788
834 0.00061850633431692614 0.00428977174679356921
835 0.00752799913512536278 0.03328592570437205467
836 0.00040750828053681687 0.01180304435613255265
837 0.00855109208439319701 0.05114915146489718012
838 0.00710823485641043362 0.05503267600809813587
839 0.06361849774648398181 0.14419334585817544792
840 0.00362939415262264475 0.03323801557168248877
841 0.14079702524590675949 0.24069165239940559786
842 0.00000000000049427129 0.00000000272655498179
843 0.00190912834608480964 0.00464999586244152496
844 0.00128598440355487398 0.00187771921566470823
845 0.00253713824023105161 0.00933801035283021719
846 0.00167889320837444345 0.00460290734333890228
847 0.00084954924536884135 0.00734952489799489683
848 0.00448905462839865876 0.01180429158480578167
849 0.00118039173543316167 0.02112011803612023897
850 0.00085579587406403590 0.00983266899169432662
851 0.00049973408786385676 0.00969061451744845925
852 0.00059377274086092058 0.01812322029434554338
