1.
0.613911
0.251033
0.213923
0.14046
0.114694
0.0888129
0.0607626
0.0647745
0.0724303
0.049339
0.0432105
0.0428303
0.03071
0.036792
0.0378462
0.024224
0.0320424
0.0321975
0.020379
0.0215074
0.015649
0.0189624
0.0292512
0.0169811
0.0196557
0.0204201
0.00737882
0.0186584
0.0228332
0.0155694
0.0228332
0.0186584
0.00737882
0.0204201
0.0196557
0.0169811
0.0292512
0.0189624
0.015649
0.0215074
0.020379
0.0321975
0.0320424
0.024224
0.0378462
0.036792
0.03071
0.0428303
0.0432105
0.049339
0.0724303
0.0647745
0.0607626
0.0888129
0.114694
0.14046
0.213923
0.251033
0.613911