0.0 2.0000000000000004 2.000000004986984 4.98698371487194e-09
0.001 2.0006670367818407 2.0006671452403295 1.0845848885665532e-07
0.002 2.0013348127728126 2.0013352474646795 4.346918669462241e-07
0.003 2.0020033264401675 2.002004296967701 9.705275334503938e-07
0.004 2.0026725762499575 2.0026742897647907 1.713514833134866e-06
0.005 2.0033425606670727 2.0033452035902704 2.642923197626601e-06
0.006 2.0040132781552904 2.0040170558751207 3.7777198302890724e-06
0.007 2.0046847271773287 2.004689873176185 5.1459988563706816e-06
0.008 2.0053569061948817 2.0053635818727815 6.6756778998033894e-06
0.009 2.006029813668664 2.0060382284293428 8.414760678920885e-06
0.01 2.0067034480584653 2.0067137660137178 1.0317955252414635e-05
0.02 2.0134794329117778 2.0135180913810355 3.86584692577685e-05
0.03 2.0203264098805183 2.0204081088344266 8.169895390830462e-05
0.04 2.0272428300492127 2.027379440769852 0.00013661072063930746
0.05 2.034227144233631 2.0344281981295946 0.00020105389596380974
0.06 2.041277806666415 2.041550853546825 0.0002730468804101882
0.07 2.048393278399629 2.048744195569279 0.0003509171696500779
0.08 2.055572030425589 2.0560052237842568 0.00043319335866787156
0.09 2.062812546520256 2.063331285057048 0.0005187385367921848
0.1 2.070113325815546 2.070719867695926 0.0006065418803800071
0.11 2.077472885109018 2.078168529017362 0.0006956439083443122
0.12 2.0848897609207393 2.0856751198192987 0.0007853588985593518
0.13 2.0923625113086004 2.093237533252582 0.0008750219439814799
0.14 2.0998897174541393 2.1008539244260716 0.0009642069719322244
0.15 2.1074699850316434 2.1085224978969728 0.0010525128653293692
0.16 2.1151019453737607 2.1162413475666026 0.0011394021928419207
0.17 2.1227842564470336 2.124009031413646 0.0012247749666123298
0.18 2.1305156036508355 2.131823935094189 0.0013083314433535165
0.19 2.138294700452952 2.139684583848556 0.0013898833956043077
0.2 2.146120288875034 2.14758955850769 0.001469269632655923
0.21 2.1539911398404863 2.1555375814588738 0.0015464416183874619
0.22 2.1619060533971175 2.1635272911151855 0.0016212377180679916
0.23 2.169863858826301 2.1715574994203495 0.0016936405940484178
0.24 2.1778634146497935 2.179627030569117 0.0017636159193235024
0.25 2.1859036085447867 2.187734756886674 0.0018311483418873564
0.26 2.1939833571771428 2.195879595082665 0.001896237905522291
0.27 2.20210160596217 2.2040605029029914 0.0019588969408212975
0.28 2.2102573287614997 2.212276477021434 0.0020191482599343225
0.29 2.218449527524321 2.2205265511082466 0.0020770235839258078
0.3 2.2266772318801675 2.228809793690373 0.002132561810205491
0.31 2.2349394986903754 2.2371253061020155 0.002185807411640095
0.32 2.243235411564231 2.2454722209452864 0.0022368093810554157
0.33 2.251564080345762 2.253849700600613 0.0022856202548506843
0.34 2.259924640576224 2.2622569357915636 0.0023322952153397303
0.35 2.268316252937117 2.27069314421348 0.002376891276362869
0.36 2.2767381026779447 2.279157569453223 0.0024194667752781562
0.37 2.2851893990326055 2.2876494798414617 0.00246008080885618
0.38 2.293669374627698 2.296168167401062 0.002498792773363956
0.39 2.302177284886112 2.3047129468821197 0.002535661996007743
0.4 2.3107124074282863 2.31328315485017 0.002570747421883901
0.41 2.3192740414737694 2.321878148842591 0.002604107368821662
0.42 2.3278615072451494 2.3304973065272288 0.002635799282079354
0.43 2.336474145376126 2.339140024987973 0.002665879611846833
0.44 2.3451113163254638 2.347805719965429 0.002694403639965426
0.45 2.353772399798139 2.356493824514834 0.002721424716695342
0.46 2.3624567941748458 2.3652037903664884 0.0027469961916426477
0.47 2.3711639159509943 2.3739350853134074 0.0027711693624130618
0.48 2.3798931991859034 2.3826871932776568 0.0027939940917534045
0.49 2.3886440949629955 2.3914596137460427 0.0028155187830471995
0.5 2.3974160708615164 2.4002518612038237 0.0028357903423072983
0.51 2.406208610440265 2.4090634646643423 0.0028548542240773855
0.52 2.4150212127336537 2.4178939671348583 0.0028727544012046025
0.53 2.423853391760365 2.426742925159259 0.002889533398894084
0.54 2.432704676044801 2.4356099084961143 0.0029052324513134664
0.55 2.4415746081513934 2.444494499273911 0.0029198911225174484
0.56 2.4504627442318574 2.453396291896425 0.0029335476645675485
0.57 2.4593686535853196 2.4623148926046503 0.0029462390193306653
0.58 2.4682919182313334 2.471249919066292 0.002958000834958785
0.59 2.477232132495547 2.4802009999739 0.002968867478353232
0.6 2.486188902608045 2.4891677746941188 0.002978872086073725
0.61 2.4951618463140472 2.4981498929068655 0.002988046592818261
0.62 2.504150592496912 2.5071470142664625 0.0029964217695503947
0.63 2.5131547808129895 2.5161588080780843 0.003004027265094855
0.64 2.522174061338391 2.5251849528339765 0.0030108914955855326
0.65 2.531208094227185 2.534225135590257 0.003017041363071904
0.66 2.5402565493808376 2.5432790535183636 0.0030225041375260275
0.67 2.549319106128653 2.5523464114962255 0.0030273053675724526
0.68 2.5583954529188655 2.5614269225940953 0.0030314696752298254
0.69 2.5674852870201748 2.570520307800987 0.003035020780812303
0.7 2.5765883142333585 2.5796262958520053 0.003037981618646768
0.71 2.585704248612741 2.588744623015419 0.0030403744026781254
0.72 2.594832812197195 2.5978750322817197 0.003042220084524594
0.73 2.6039737347503586 2.607017273874921 0.0030435391245622334
0.74 2.6131267535098948 2.6161711047235583 0.003044351213663532
0.75 2.6222916129453253 2.625336288303513 0.003044675358187643
0.76 2.6314680645243733 2.634512594392254 0.0030445298678807298
0.77 2.640655866487378 2.6436997988887536 0.003043932401375571
0.78 2.6498547836295554 2.652897683609475 0.0030428999799196887
0.79 2.6590645870909406 2.662106036115835 0.003041449024894227
0.8 2.668285054153567 2.6713246495256247 0.0030395953720576685
0.81 2.6775159680458005 2.6805533223422757 0.0030373542964752254
0.82 2.686757117753498 2.6897918582947593 0.0030347405412611828
0.83 2.696008297837796 2.699040066161728 0.003031768323932038
0.84 2.705269308259216 2.708297759624879 0.0030284513656630985
0.85 2.7145399542079724 2.717564757135137 0.0030248029271646715
0.86 2.7238200459402004 2.726840881719785 0.003020835779584452
0.87 2.7331093986198565 2.7361259608794333 0.003016562259576805
0.88 2.7424078321662133 2.7454198264683387 0.003011994302125398
0.89 2.7517151711065764 2.754722314497992 0.003007143391415834
0.9 2.7610312444341965 2.764033265096502 0.0030020206623055934
0.91 2.7703558854710644 2.773352522306187 0.0029966368351224126
0.92 2.779688931735494 2.7826799340277604 0.0029910022922665647
0.93 2.7890302248142516 2.7920153518623216 0.0029851270480700798
0.94 2.798379610239141 2.8013586310340464 0.002979020794905196
0.95 2.8077369373678027 2.810709630252078 0.002972692884275485
0.96 2.8171020592686253 2.8200682116151046 0.002966152346479234
0.97 2.826474832609586 2.8294342405514006 0.002959407941814707
0.98 2.835855117550941 2.8388075856674027 0.0029524681164616595
0.99 2.8452427776414995 2.848188118687343 0.0029453410458435414
1.0 2.854637679718466 2.857575714339025 0.0029380346205591934
