0.0 5.1180339887498985 5.1180339553974665 3.335243192736925e-08
0.01 5.118033988749897 5.11803395569833 3.3051566816766353e-08
0.02 5.118033988749901 5.11803395715002 3.1599880934152225e-08
0.03 5.118033988749906 5.118033959661167 2.908873852902616e-08
0.04 5.118033988749895 5.1180339588988435 2.985105140851374e-08
0.05 5.1180339887499 5.118033956879524 3.187037656005032e-08
0.06 5.118033988749906 5.118033953696885 3.5053020930320145e-08
0.07 5.1180339887498905 5.118033949372954 3.9376936378232585e-08
0.08 5.118033988749905 5.1180339439529865 4.479691817493858e-08
0.09 5.1180339887499 5.118033937873666 5.087623389243845e-08
0.1 5.118033988749909 5.118033935566909 5.318300022594258e-08
0.11 5.118033988749895 5.11803395804603 3.0703865228076666e-08
0.12 5.1180339887498985 5.118033962465219 2.628467932197509e-08
0.13 5.118033988749903 5.118033961081548 2.7668354718457522e-08
0.14 5.1180339887498985 5.11803393127737 5.747252806997949e-08
0.15 5.11803398874991 5.118033866903193 1.2184671671633396e-07
0.16 5.1180339887498985 5.118033983300796 5.449102502552705e-09
0.17 5.118033988749904 5.118033979882384 8.867520051580868e-09
0.18 5.118033988749904 5.118033938610764 5.0139139950999834e-08
0.19 5.1180339887499 5.118033808341149 1.804087510492991e-07
0.2 5.118033988749896 5.118033982979393 5.770503186397491e-09
0.21 5.118033988749906 5.118033863735318 1.250145871267705e-07
0.22 5.118033988749896 5.118034149296802 1.6054690643585445e-07
0.23 5.118033988749902 5.1180372293112475 3.2405613454855597e-06
0.24 5.118033988749909 5.118044288583442 1.0299833532734226e-05
0.25 5.118033988749904 5.118055455498028 2.1466748123977197e-05
0.26 5.118033988749915 5.1180707646159735 3.6775866058214035e-05
0.27 5.118033988749904 5.118090295372236 5.630662233180317e-05
0.28 5.1180339887498985 5.118114116769024 8.012801912560263e-05
0.29 5.118033988749913 5.11814224075128 0.00010825200136732605
0.3 5.118033988749893 5.118174718490887 0.00014072974099388347
0.31 5.118033988749895 5.118211564329726 0.00017757557983077987
0.32 5.118033988749897 5.118252781503351 0.00021879275345426663
0.33 5.118033988749911 5.118298358281278 0.00026436953136688146
0.34 5.118033988749891 5.1183482729452 0.0003142841953085451
0.35 5.118033988749896 5.118402490030984 0.0003685012810885624
0.36 5.118033988749897 5.11846096562362 0.00042697687372328375
0.37 5.118033988749891 5.118523647848194 0.000489659098303008
0.38 5.118033988749897 5.11859047916702 0.0005564904171233565
0.39 5.1180339887498985 5.118661398417145 0.0006274096672465035
0.4 5.118033988749898 5.1187363428663035 0.0007023541164059566
0.41 5.118033988749895 5.118815250086579 0.0007812613366837695
0.42 5.1180339887498985 5.1188980597445575 0.0008640709946590164
0.43 5.1180339887499 5.118984714985445 0.0009507262355450408
0.44 5.118033988749895 5.119075163564499 0.0010411748146044175
0.45 5.1180339887499 5.119169358749489 0.0011353699995888533
0.46 5.118033988749891 5.119267259996255 0.001233271246364076
0.47 5.118033988749898 5.119368834410351 0.0013348456604536096
0.48 5.118033988749893 5.119474055954108 0.0014400672042151896
0.49 5.118033988749909 5.119582906268702 0.001548917518793047
0.5 5.118033988749893 5.1196953749714496 0.0016613862215564268
0.51 5.1180339887498905 5.119811460116218 0.0017774713663278874
0.52 5.1180339887498985 5.119931168485061 0.0018971797351623465
0.53 5.118033988749893 5.120054515899118 0.002020527149224627
0.54 5.1180339887499064 5.120181527986746 0.002147539236839968
0.55 5.118033988749895 5.120312241120913 0.0022782523710178637
0.56 5.1180339887499 5.120446702926216 0.0024127141763159443
0.57 5.118033988749899 5.120584975960612 0.002550987210712563
0.58 5.118033988749904 5.1207271328240935 0.002693144074189746
0.59 5.1180339887498985 5.120873263111839 0.00283927436194098
0.6 5.118033988749902 5.121023474800572 0.002989486050670287
0.61 5.118033988749899 5.121177897108644 0.0031439083587443406
0.62 5.1180339887498825 5.121336683741206 0.0033026949913237402
0.63 5.118033988749897 5.121500018342198 0.0034660295923014672
0.64 5.1180339887498985 5.121668122553791 0.0036341338038923254
0.65 5.1180339887498905 5.121841264709026 0.0038072759591356586
0.66 5.118033988749892 5.122019770384299 0.003985781634407104
0.67 5.118033988749903 5.12220404005877 0.004170051308866718
0.68 5.118033988749897 5.122394572086715 0.004360583336818102
0.69 5.1180339887499 5.12259199607949 0.004558007329589664
0.7 5.118033988749895 5.122797120665727 0.004763131915831664
0.71 5.118033988749889 5.1230110015726025 0.004977012822713789
0.72 5.118033988749897 5.123235042400957 0.00520105365106005
0.73 5.11803398874989 5.123471139817752 0.0054371510678628
0.74 5.118033988749893 5.123721885232137 0.005687896482243993
0.75 5.118033988749893 5.12399081942119 0.005956830671296487
0.76 5.118033988749907 5.124282694453289 0.006248705703381319
0.77 5.1180339887499 5.12460363476865 0.006569646018749431
0.78 5.118033988749904 5.124961102501642 0.006927113751737934
0.79 5.118033988749895 5.1253637646323 0.00732977588240491
0.8 5.118033988749893 5.12582157382608 0.007787585076187042
0.81 5.1180339887498905 5.126346317402387 0.008312328652496426
0.82 5.118033988749891 5.126952665722561 0.00891867697266946
0.83 5.118033988749897 5.127659661672745 0.009625672922847883
0.84 5.118033988749893 5.128492687308936 0.010458698559042467
0.85 5.118033988749897 5.12948409412777 0.011450105377873498
0.86 5.118033988749891 5.13060580703527 0.012571818285378455
0.87 5.118033988749897 5.131836835233312 0.01380284648341501
0.88 5.118033988749897 5.133185251517654 0.015151262767757245
0.89 5.118033988749902 5.134658833200316 0.01662484445041379
0.9 5.118033988749901 5.13626640505124 0.01823241630133854
0.91 5.1180339887498985 5.138020476520664 0.019986487770765393
0.92 5.1180339887498905 5.139935139956686 0.021901151206795255
0.93 5.118033988749896 5.142026346995774 0.023992358245878087
0.94 5.118033988749894 5.144311750449893 0.026277761699999402
0.95 5.118033988749891 5.146810354241 0.02877636549110907
0.96 5.1180339887498985 5.149541917944426 0.03150792919452794
0.97 5.118033988749893 5.152526157285462 0.0344921685355688
0.98 5.118033988749897 5.1557818520304375 0.037747863280540805
0.99 5.118033988749897 5.1593258074171295 0.04129181866723286
1.0 5.118033988749893 5.163171537436034 0.045137548686140505
