0.0 4.581138830084185 4.6081803436299795 0.02704151354579487
0.01 4.583799189786194 4.610579828518198 0.02678063873200376
0.02 4.586524182470246 4.6130540007855165 0.02652981831527068
0.03 4.58931450403435 4.615603454122898 0.02628895008854748
0.04 4.592170781856882 4.618227768389449 0.026056986532567272
0.05 4.595093572410781 4.620925955774956 0.025832383364174483
0.06 4.598083359351994 4.623696884075473 0.025613524723478776
0.07 4.601140552105634 4.626538995272946 0.02539844316731177
0.08 4.60426548496538 4.629451463022933 0.025185978057553626
0.09 4.607458416712862 4.632432772893861 0.024974356180998747
0.1 4.610719530755642 4.635480690031636 0.024761159275993982
0.11 4.614048935773848 4.638591992463992 0.024543056690143672
0.12 4.617446666857289 4.641762759638352 0.024316092781063503
0.13 4.620912687107929 4.644988958851154 0.024076271743224353
0.14 4.624446889675809 4.648266873947281 0.023819984271471917
0.15 4.62804910019042 4.6515932457711635 0.023544145580743248
0.16 4.631719079545912 4.65496529396334 0.023246214417427247
0.17 4.635456526993897 4.6583807393839365 0.0229242123900395
0.18 4.63926108349647 4.661837823156912 0.022576739660442158
0.19 4.643132335290098 4.665335312521188 0.022202977231089882
0.2 4.647069817611323 4.6688724876572305 0.021802670045907746
0.21 4.651073018536252 4.672449104045689 0.021376085509436926
0.22 4.655141382887596 4.676065377972727 0.02092399508513143
0.23 4.659274316165444 4.679726890436278 0.020452574270834134
0.24 4.663471188461651 4.683444257420646 0.0199730689589952
0.25 4.667731338321008 4.687220388406528 0.01948905008551982
0.26 4.672054076516481 4.69105724078232 0.019003164265838812
0.27 4.676438689710309 4.694956152686557 0.01851746297624768
0.28 4.680884443976851 4.698917959464764 0.018033515487913654
0.29 4.685390588167014 4.702943122282115 0.017552534115101714
0.3 4.689956357099179 4.707031780455809 0.017075423356629926
0.31 4.694580974564007 4.711183869271958 0.016602894707951066
0.32 4.699263656135767 4.715399143016778 0.016135486881010408
0.33 4.704003611784602 4.719677222269483 0.015673610484880918
0.34 4.7088000482883245 4.72401762359091 0.015217575302585828
0.35 4.7136521714443536 4.72841978332473 0.014767611880376563
0.36 4.718559188084523 4.732883076227661 0.014323888143137786
0.37 4.723520307898122 4.737406831358869 0.013886523460747036
0.38 4.728534745069103 4.741990345377106 0.013455600308002857
0.39 4.733601719735603 4.746632893494528 0.013031173758925263
0.4 4.738720459280148 4.751333738354756 0.012613279074607853
0.41 4.743890199460143 4.756092136885872 0.01220193742572917
0.42 4.749110185388334 4.76090734548867 0.011797160100336157
0.43 4.7543796723732985 4.765778623763904 0.011398951390605205
0.44 4.759697926630443 4.770705237082056 0.011007310451613073
0.45 4.765064225873299 4.775686458238853 0.01062223236555404
0.46 4.770477859795237 4.78072156832339 0.010243708528152595
0.47 4.775938130451248 4.785809857356856 0.009871726905608114
0.48 4.781444352549011 4.790950624028368 0.009506271479357231
0.49 4.786995853658324 4.796143175403327 0.009147321745003545
0.5 4.792591974346904 4.801386826352603 0.00879485200569885
0.51 4.79823206825109 4.806680898780801 0.008448830529711238
0.52 4.803915502088121 4.812024720788891 0.008109218700769638
0.53 4.809641655617599 4.81741762586702 0.007775970249420894
0.54 4.815409921557986 4.822858952238428 0.00744903068044156
0.55 4.821219705464259 4.828348042524499 0.007128337060239964
0.56 4.827070425572165 4.833884243968051 0.006813818395886351
0.57 4.832961512613707 4.839466909387986 0.006505396774278971
0.58 4.83889240960869 4.845095398983981 0.006202989375291068
0.59 4.844862571636137 4.850769083297234 0.005906511661097014
0.6 4.850871465589283 4.85648734711123 0.005615881521946697
0.61 4.856918569917395 4.862249594082971 0.005331024165575293
0.62 4.863003374357385 4.868055251656946 0.005051877299560914
0.63 4.869125379657825 4.873903775614485 0.004778395956660297
0.64 4.875284097297591 4.879794653791644 0.004510556494053297
0.65 4.881479049201146 4.885727408302013 0.00424835910086685
0.66 4.887709767452446 4.891701596521588 0.003991829069142305
0.67 4.893975794008737 4.8977168108830655 0.0037410168743283734
0.68 4.900276680415882 4.903772677988788 0.0034959975729060844
0.69 4.90661198752597 4.9098688592000865 0.0032568716741163684
0.7 4.912981285218768 4.916005051029249 0.003023765810480583
0.71 4.919384152127172 4.922180987949917 0.0027968358227452583
0.72 4.925820175368122 4.928396447387446 0.0025762720193247546
0.73 4.9322889502787675 4.934651257069138 0.0023623067903706385
0.74 4.938790080159065 4.940945304828844 0.00215522466977891
0.75 4.94532317602059 4.947278551685795 0.0019553756652044285
0.76 4.951887856342372 4.953651046794899 0.0017631904525270414
0.77 4.958483746833581 4.9600629472004645 0.0015792003668835264
0.78 4.9651104802033945 4.966514532803122 0.0014040525997272013
0.79 4.971767695938115 4.973006208403298 0.0012385124651830282
0.8 4.978455040085592 4.979538474224637 0.001083434139045103
0.81 4.985172165046869 4.986111845974408 0.0009396809275390439
0.82 4.99191872937518 4.992726715247662 0.0008079858724823197
0.83 4.998694397581998 4.999383205508218 0.0006888079262203917
0.84 5.005498839950323 5.006081075392625 0.0005822354423017373
0.85 5.012331732354793 5.012819693948196 0.0004879615934028081
0.86 5.0191927560886995 5.019598089782576 0.00040533369387674156
0.87 5.026081597697697 5.026415054244271 0.00033345654657424006
0.88 5.03299794882 5.033269287190499 0.0002713383704984196
0.89 5.0399415060329025 5.040159478371693 0.00021797233879095046
0.9 5.046911970705452 5.047084384404737 0.00017241369928555628
0.91 5.053909048857145 5.054042857619505 0.0001338087623601325
0.92 5.060932451022407 5.061033852577045 0.00010140155463744804
0.93 5.067981892120484 5.068056421476605 7.452935612128897e-05
0.94 5.075057091331007 5.075109701596266 5.261026525893442e-05
0.95 5.082157771974469 5.082192885477798 3.511350332896512e-05
0.96 5.089283661397902 5.089305279087841 2.161768993946822e-05
0.97 5.096434490865217 5.096446197869902 1.1707004684780031e-05
0.98 5.103609995452295 5.103615006854572 5.011402276267063e-06
0.99 5.110809913946393 5.110811107653451 1.1937070576450992e-06
0.991 5.111531238612382 5.111532194565867 9.559534852598972e-07
0.992 5.112252804582907 5.112253563112532 7.585296248890927e-07
0.993 5.112974611602697 5.11297518927473 5.776720328753981e-07
0.994 5.113696659416803 5.113697078449554 4.190327507203051e-07
0.995 5.114418947770673 5.1144192311774015 2.8340672830751146e-07
0.996 5.11514147641003 5.11514164810867 1.7169864019450642e-07
#0.997 5.115864245081007 5.115864330092198 8.50111909755924e-08
#0.998 5.116587253530049 5.116587276561723 2.303167345729662e-08
#0.999 5.117310501503955 5.11731048670075 1.4803204884117349e-08
1.0 5.1180339887498985 5.1180339553974665 3.335243192736925e-08
