0.0 11.142296360616776 11.367320114566073 0.22502375394929786
0.025 11.168572068943082 11.392201574969686 0.22362950602660447
0.05 11.195608694214545 11.41766096152961 0.222052267315064
0.07500000000000001 11.223455432017138 11.44372024626594 0.22026481424880195
0.1 11.252168029273577 11.470401385176176 0.2182333559025995
0.125 11.2818102739256 11.49772926488181 0.2159189909562098
0.15000000000000002 11.312455978239559 11.525725100191888 0.2132691219523295
0.17500000000000002 11.344191670384724 11.55441600108928 0.21022433070455548
0.2 11.37712032398839 11.583825044162761 0.20670472017437191
0.225 11.411366643388298 11.61397775950799 0.20261111611969085
0.25 11.447084736027067 11.644897461619545 0.19781272559247753
0.275 11.484469536913974 11.676605562699287 0.19213602578531308
0.30000000000000004 11.523774269876435 11.70912202662534 0.18534775674890547
0.325 11.565337819669443 11.742464592768107 0.17712677309866365
0.35000000000000003 11.609628568044151 11.776648563370944 0.16701999532679324
0.375 11.657315351603296 11.81168821159872 0.15437285999542283
0.4 11.709380564911324 11.847592982177728 0.13821241726640388
0.42500000000000004 11.767286413179262 11.884373092086495 0.11708667890723312
0.45 11.833158921349472 11.922033308883917 0.08887438753444421
0.47500000000000003 11.909789113679107 11.960575005647962 0.05078589196885552
0.5 12.000000000000064 11.999999999979284 2.077982230730413e-11
0.525 12.106441888483495 12.187894341052983 0.08145245256948819
0.55 12.224764314468562 12.378258172514666 0.1534938580461045
0.5750000000000001 12.356285105150757 12.571332632931089 0.21504752778033165
0.6000000000000001 12.497524026962344 12.767417694572204 0.26989366760986044
0.625 12.646831731127222 12.966848565730373 0.3200168346031518
0.65 12.807114852859488 13.16995908684167 0.362844233982182
0.675 12.985170603713854 13.37699188939321 0.3918212856793559
0.7000000000000001 13.173120567164183 13.587927396962291 0.414806829798108
0.7250000000000001 13.368959427919137 13.80250318515749 0.43354375723835403
0.75 13.570997592256735 14.02051370485692 0.4495161126001861
0.775 13.777931554100746 14.24179437157478 0.463862817474034
0.8 13.988794252837044 14.466110716383762 0.47731646354671753
0.8250000000000001 14.20287617482037 14.693307605186954 0.4904314303665842
0.8500000000000001 14.419654519223903 14.926923311946881 0.5072687927229786
0.875 14.638739239991608 15.167566973845576 0.5288277338539675
0.9 14.859834498999845 15.414056855519044 0.5542223565191993
0.925 15.082711774330978 15.665453545361938 0.5827417710309604
0.9500000000000001 15.30719118405317 15.921005451532393 0.6138142674792224
0.9750000000000001 15.53312844905402 16.180105795052683 0.6469773459986623
1.0 15.766621405432126 16.442261474033213 0.675640068601087
1.0250000000000001 16.024691401420746 16.7070657093066 0.6823743078858548
1.05 16.285538805263293 16.974182272663946 0.6886434674006523
1.075 16.548711563980554 17.243282468762374 0.6945709047818198
1.1 16.813843969037805 17.51355020496809 0.6997062359302859
1.125 17.080640001223507 17.784687878333692 0.7040478771101846
1.1500000000000001 17.34885913871504 18.056608120097962 0.7077489813829239
1.175 17.61830482976658 18.32923925832146 0.7109344285548822
1.2000000000000002 17.88881536013768 18.60252256187797 0.7137072017402879
1.225 18.160256705145727 18.87640636247095 0.7161496573252215
1.25 18.43251696068946 19.150845659529477 0.7183286988400184
1.2750000000000001 18.705502004304734 19.42579937165114 0.7202973673464079
1.3 18.97913210475408 19.701231283728497 0.7220991789744176
1.3250000000000002 19.253339260397308 19.977111994026636 0.7237727336293283
1.35 19.528065097684113 20.2534094599429 0.7253443622587881
1.375 19.80325920135995 20.530097946762602 0.7268387454026524
1.4000000000000001 20.07887777887992 20.807153045450637 0.7282752665707157
1.425 20.35488258494145 21.084551195362536 0.7296686104210863
1.4500000000000002 20.631240049672297 21.36227211652399 0.731032066851693
1.475 20.90792056726857 21.64029518860118 0.7323746213326103
1.5 21.184897911847216 21.91860228663155 0.7337043747843346
1.5250000000000001 21.462148754806744 22.197176300151323 0.7350275453445789
1.55 21.739652263694595 22.475999189954113 0.7363469262595181
1.5750000000000002 22.0173897669248 22.755053312281397 0.7376635453565967
1.6 22.29534447201481 23.03432476263565 0.7389802906208374
1.625 22.573501227572287 23.313802490241205 0.7403012626689183
1.6500000000000001 22.851846321246477 23.593473110701233 0.7416267894547559
1.675 23.130367307402384 23.87332594313022 0.7429586357278346
1.7000000000000002 23.409052859486454 24.15335262663927 0.744299767152814
1.725 23.68789264300606 24.43354221410023 0.7456495710941695
1.75 23.966877205801413 24.7138869101247 0.7470097043232862
1.7750000000000001 24.24599788288611 24.994377773509914 0.7483798906238057
1.8 24.525246713619524 25.275009060003686 0.7497623463841627
1.8250000000000002 24.804616369358563 25.555772146353306 0.751155776994743
1.85 25.08410009005007 25.836660892152217 0.7525608021021455
1.875 25.363691628482684 26.117669384491048 0.7539777560083643
1.9000000000000001 25.64338520112075 26.398791692755015 0.7554064916342647
1.925 25.92317544461831 26.68002251887676 0.7568470742584523
1.9500000000000002 26.20305737724876 26.96135646421975 0.7582990869709896
1.975 26.483026364602424 27.24278912270464 0.7597627581022159
2.0 26.763078089003493 27.524315704258566 0.761237615255073

