13 0.14034855641916 5.00000000000000 5.14034855641917 0
31 0.10040921973589 5.00000000000001 5.10040921973589 0
33 0.05253153767565 4.50000000000000 4.55253153767565 0
28 0.04513754869019 5.11803398874990 5.16317153744010 0
80 0.03936501409190 4.00000000000000 4.03936501409191 0
21 0.03423503418044 5.00000000000000 5.03423503418044 0
49 0.03212371775136 5.00000000000000 5.03212371775136 0
69 0.02704151354552 4.58113883008419 4.60818034362972 0
20 0.02246237730895 4.86602540378444 4.88848778109339 0
85 0.02164427578085 4.23327911519508 4.25492339097594 0
58 0.02049413031357 4.36602540378443 4.38651953409800 0
64 0.02001886999922 4.47299760111403 4.49301647111325 0
66 0.01873891911830 4.61803398874990 4.63677290786820 0
105 0.01820890555311 4.00000000000000 4.01820890555311 0
95 0.01602727950652 3.62885239915330 3.64487967865982 0
70 0.01552198321808 4.53208888623795 4.54761086945603 0
103 0.01226810617708 3.95127292127126 3.96354102744834 1
27 0.01166913931693 5.20710678118655 5.21877592050348 0
76 0.01105546170621 4.03884176858763 4.04989723029385 0
59 0.01069156336322 4.38922855912919 4.39992012249241 0
68 0.00688997505089 4.44101027242854 4.44790024747943 0
78 0.00547955090360 3.92976169430761 3.93524124521121 0
87 0.00546941853127 4.24985227199290 4.25532169052417 0
111 0.00536118756073 3.43764837954718 3.44300956710792 1
101 0.00450115392179 3.92976169430762 3.93426284822940 1
108 0.00437631974479 3.34699740852778 3.35137372827257 1
22 0.00424964453877 5.11803398874989 5.12228363328867 0
60 0.00334514377104 4.57812176147816 4.58146690524920 0
40 0.00307374528323 4.85463767971846 4.85771142500170 0
39 0.00267933526369 4.86602540378444 4.86870473904814 0
44 0.00159683354081 4.95871906266308 4.96031589620389 0
98 0.00150695470293 3.88349756524977 3.88500451995270 0
77 0.00149883707938 4.24464428590504 4.24614312298441 0
46 0.00140042147324 5.08069795358836 5.08209837506160 0
43 0.00125444371603 4.92788625331799 4.92914069703402 0
89 0.00120964482975 4.36602540378444 4.36723504861419 0
34 0.00098291431852 4.85463767971846 4.85562059403699 0
63 0.00059652844892 4.85463767971846 4.85523420816738 0
48 0.00050887516649 4.85078105935822 4.85128993452471 0
102 0.00048328420552 4.16658698880216 4.16707027300769 1
112 0.00027507957853 3.74357713388793 3.74385221346646 1
67 0.00005819653910 4.91288881672280 4.91294701326190 0
93 0.00000036375787 4.58113883008420 4.58113919384207 0
109 0.00000012174713 3.41421356237310 3.41421344062597 1
51 0.00000010899885 5.30277563773201 5.30277552873315 0
41 0.00000008597951 5.00000000000000 4.99999991402049 0
83 0.00000008345211 4.00000000000001 3.99999991654790 0
7 0.00000008098283 5.70710678118655 5.70710670020372 0
56 0.00000008045454 4.50000000000000 4.49999991954546 0
71 0.00000008029990 4.85078105935821 4.85078097905831 0
100 0.00000007765752 3.86602540378444 3.86602532612692 0
42 0.00000007422935 4.50000000000000 4.50000007422934 0
37 0.00000006175993 5.00000000000001 4.99999993824007 0
74 0.00000006093455 5.41421356237310 5.41421350143855 1
92 0.00000005269796 4.87938524157183 4.87938518887387 1
23 0.00000005229219 5.41421356237310 5.41421351008091 0
107 0.00000004781953 3.00000000000000 2.99999995218048 1
84 0.00000004770855 4.00000000000001 3.99999995229146 0
53 0.00000004733060 4.00000000000000 4.00000004733061 0
45 0.00000004082023 5.41421356237310 5.41421352155287 0
54 0.00000003547640 4.36602540378445 4.36602536830805 0
30 0.00000003465171 5.53489206940251 5.53489203475080 0
47 0.00000003336950 5.11803398874989 5.11803395538039 0
55 0.00000003091422 4.36602540378444 4.36602537287023 0
91 0.00000003063793 4.78077640640441 4.78077637576649 1
97 0.00000002745195 3.86602540378445 3.86602537633249 0
38 0.00000002596812 5.00000000000000 4.99999997403188 0
96 0.00000002477791 4.00000000000000 3.99999997522210 0
79 0.00000002461996 4.00000000000000 3.99999997538004 0
25 0.00000002225432 5.45160596295578 5.45160594070146 0
17 0.00000002195419 6.00000000000000 5.99999997804581 0
19 0.00000002163248 5.00000000000000 5.00000002163248 0
57 0.00000002123057 4.78077640640441 4.78077638517384 0
62 0.00000002012975 4.50000000000000 4.49999997987024 0
32 0.00000001900793 6.00000000000000 5.99999998099207 0
82 0.00000001745225 4.35078105935821 4.35078104190596 0
50 0.00000001693231 5.44755325796376 5.44755324103146 0
104 0.00000001384497 4.35078105935821 4.35078104551323 1
106 0.00000001364286 4.30277563773200 4.30277562408914 1
16 0.00000001287844 6.00000000000000 5.99999998712156 0
6 0.00000001217157 6.00000000000000 5.99999998782842 0
15 0.00000001166971 5.58870484044965 5.58870482877994 0
29 0.00000001079150 5.50000000000000 5.49999998920850 0
75 0.00000001051754 4.00000000000000 3.99999998948246 0
90 0.00000001050911 4.47299760111404 4.47299759060492 1
5 0.00000001033636 5.50000000000000 5.49999998966363 0
14 0.00000001014246 5.50000000000000 5.49999998985754 0
12 0.00000000938121 5.45160596295578 5.45160595357457 0
65 0.00000000922329 4.78077640640441 4.78077639718113 0
9 0.00000000905813 6.00000000000000 5.99999999094187 0
35 0.00000000861203 4.78077640640441 4.78077639779237 0
26 0.00000000776606 5.44755325796377 5.44755325019771 0
88 0.00000000761666 4.50000000000000 4.49999999238334 0
110 0.00000000759717 3.72474487139159 3.72474486379441 1
11 0.00000000756759 5.50000000000000 5.49999999243241 0
72 0.00000000723900 5.00000000000000 4.99999999276100 0
99 0.00000000660070 3.50000000000000 3.49999999339930 0
2 0.00000000649143 6.00000000000000 6.00000000649143 0
73 0.00000000644129 5.00000000000000 4.99999999355871 1
24 0.00000000631865 5.00000000000000 4.99999999368135 0
81 0.00000000626599 4.36602540378444 4.36602539751844 0
4 0.00000000613345 6.00000000000000 5.99999999386655 0
61 0.00000000512826 4.50000000000000 4.49999999487174 0
8 0.00000000451482 6.00000000000001 5.99999999548519 0
86 0.00000000443027 4.55274130826315 4.55274130383288 0
1 0.00000000387078 6.00000000000000 6.00000000387078 0
10 0.00000000378423 5.00000000000000 4.99999999621577 0
52 0.00000000324883 6.00000000000000 5.99999999675117 1
18 0.00000000239694 5.70710678118654 5.70710677878960 0
36 0.00000000060664 4.50000000000000 4.50000000060664 0
3 0.00000000028649 6.00000000000000 5.99999999971352 0
94 0.00000000138406 3.50000000000000 3.49999999861594 0
