732 0.43338029508164 5.03059093858749 5.46397123366914 0
275 0.40157436251466 5.61803398874989 6.01960835126456 0
2 0.37500000882509 7.50000000000001 7.87500000882509 0
148 0.37500000864144 5.50000000000001 5.87500000864144 0
9 0.37500000557695 7.50000000000001 7.87500000557695 0
4 0.37500000137889 7.50000000000001 7.87500000137890 0
1 0.37500000089191 7.50000000000000 7.87500000089191 0
71 0.34913784968169 6.80277563773199 7.15191348741368 0
3 0.33143677698560 7.50000000000000 7.83143677698560 0
142 0.32892846429131 6.86519204416723 7.19412050845855 0
63 0.32816882033401 6.68073438309291 7.00890320342692 0
6 0.32453257645453 7.50000000000001 7.82453257645454 0
31 0.30753143015535 6.80901699437496 7.11654842453030 0
78 0.30753134872594 6.80901699437495 7.11654834310088 0
215 0.29901914566931 6.18059835914909 6.47961750481840 0
358 0.29536506050872 6.07077451114972 6.36613957165844 0
122 0.29351086576984 6.64445599714128 6.93796686291111 0
8 0.29150771360404 7.50000000000002 7.79150771360405 0
451 0.28906297273279 5.61803398874989 5.90709696148269 0
120 0.27109043377896 6.61127492265233 6.88236535643129 0
126 0.27094384782371 6.63772008961317 6.90866393743688 0
16 0.26856136407176 7.50000000000001 7.76856136407177 0
464 0.26546261974003 5.70316561060185 5.96862823034189 0
231 0.26238031079877 6.33742989790317 6.59981020870194 0
137 0.25511876425642 6.79595225463304 7.05107101888946 0
19 0.25245373151909 7.50000000000001 7.75245373151910 0
423 0.25069661238508 5.61151952813790 5.86221614052299 0
416 0.24705423542360 5.73276445327332 5.97981868869692 0
604 0.24132800574643 5.73276445327331 5.97409245901975 0
242 0.24102537865518 5.50000000000000 5.74102537865518 0
842 0.24069165239941 4.60517925684671 4.84587090924612 0
15 0.24034678022779 7.30901699437495 7.54936377460274 0
39 0.23660283525267 7.30901699437496 7.54561982962763 0
226 0.22053749808158 6.59329751664696 6.81383501472853 0
224 0.21934587977851 6.60775565196820 6.82710153174671 0
623 0.21859455831255 5.56532429344030 5.78391885175285 0
265 0.21598167914956 5.76445897864718 5.98044065779674 0
40 0.21420419742039 7.50000000000001 7.71420419742040 0
589 0.21135466044323 5.44907593743861 5.66043059788184 0
325 0.21086050167855 6.25569462359481 6.46655512527336 0
615 0.20896563930770 5.61151952813790 5.82048516744560 0
112 0.20746221203243 6.57674606493361 6.78420827696604 0
362 0.20649187109992 6.52355743949458 6.73004931059450 0
181 0.20631066101510 6.26872224755981 6.47503290857492 0
188 0.20430648812015 6.08870484044967 6.29301132856982 0
35 0.20367765432065 7.21363509695099 7.41731275127165 0
457 0.20260323610475 5.65068012388579 5.85328335999054 0
305 0.20105432766335 6.05374014227077 6.25479446993411 0
476 0.20102333914976 6.09329414508292 6.29431748423267 0
17 0.20050487901122 7.50000000000001 7.70050487901123 0
350 0.20033291340434 6.41373993133031 6.61407284473465 0
187 0.20008060137555 6.29263837950209 6.49271898087764 0
139 0.19917589533786 6.64058298045653 6.83975887579439 0
254 0.19658312758015 5.50000000000001 5.69658312758015 0
255 0.19658309989419 5.50000000000003 5.69658309989421 0
210 0.19625132916866 6.47318557293475 6.66943690210341 0
189 0.19379328894574 6.18115141477628 6.37494470372201 0
328 0.18967843286975 6.24442906496915 6.43410749783890 0
77 0.18889636401901 7.16187603072689 7.35077239474590 0
444 0.18781399237139 5.68637538179849 5.87418937416988 0
154 0.18757929078793 6.08870484044965 6.27628413123758 0
30 0.18585402686596 7.08135474768911 7.26720877455507 0
191 0.18370360044778 6.23544775814551 6.41915135859329 0
168 0.18174145227898 6.21794184995055 6.39968330222954 0
37 0.18168523570770 7.50000000000002 7.68168523570771 0
500 0.18117464091436 6.06532429344029 6.24649893435465 0
312 0.18061959881159 6.08113883008420 6.26175842889579 0
147 0.17969472346890 5.95160596295577 6.13130068642467 0
89 0.17769371737311 6.20710678118658 6.38480049855969 0
236 0.17724431837421 6.75643831232856 6.93368263070277 0
334 0.17526866626951 6.12296436296791 6.29823302923742 0
372 0.17508683694616 5.42788625331801 5.60297309026416 0
272 0.17430573151435 6.00460769008636 6.17891342160071 0
135 0.17383955779335 6.92007245551414 7.09391201330749 0
339 0.17341216928865 6.12830456548254 6.30171673477119 0
454 0.17295318155272 5.76283652795398 5.93578970950670 0
69 0.17237594142558 7.04291173485704 7.21528767628262 0
190 0.17182845136626 6.26165912660198 6.43348757796824 0
295 0.16984627859694 6.17604146777937 6.34588774637632 0
250 0.16973179043094 5.50000000000001 5.66973179043094 0
94 0.16943040525725 6.55954675413531 6.72897715939256 0
378 0.16933705303390 5.56456653448831 5.73390358752222 0
12 0.16743837319431 7.24059715204601 7.40803552524032 0
34 0.16729169626598 7.24059715204603 7.40788884831201 0
79 0.16680305657760 7.50000000000000 7.66680305657760 0
484 0.16653967539092 6.01081533957189 6.17735501496281 0
371 0.16399596054691 5.50000000000000 5.66399596054691 0
619 0.16384840255431 5.64395927562615 5.80780767818047 0
614 0.16264193413725 5.44876421740662 5.61140615154387 0
337 0.16200624484566 6.17125845831374 6.33326470315941 0
466 0.16136754262232 5.59236618552103 5.75373372814335 0
29 0.15864532647791 7.15792025580744 7.31656558228534 0
686 0.15758115294748 5.17754346788865 5.33512462083613 0
165 0.15712792898184 6.18010024315880 6.33722817214064 0
491 0.15655920979392 5.98700743524198 6.14356664503590 0
72 0.15621731908488 6.86602540378444 7.02224272286932 0
483 0.15611936543046 6.08113883008419 6.23725819551465 0
449 0.15611474432162 5.83752191853661 5.99363666285823 0
197 0.15562781953148 6.55954675413531 6.71517457366679 0
324 0.15558208693026 6.29263837950208 6.44822046643235 0
427 0.15446373138707 5.62142422016965 5.77588795155672 0
490 0.15330765225246 5.83742989790316 5.99073755015562 0
261 0.15258627627355 5.95160596295579 6.10419223922933 0
809 0.14939552740890 4.98770926364534 5.13710479105425 0
705 0.14910098607470 5.19505290018430 5.34415388625900 0
57 0.14874278017684 6.75513558321303 6.90387836338986 0
404 0.14816038465115 5.59629120178363 5.74445158643478 0
617 0.14731874240429 5.57077451114970 5.71809325355399 0
47 0.14713180234263 6.50000000000000 6.64713180234263 0
125 0.14712436682237 6.50000000000000 6.64712436682237 0
26 0.14674766882533 7.07066805782768 7.21741572665301 0
498 0.14660379477134 6.24442906496913 6.39103285974047 0
338 0.14621683768045 6.23342479511115 6.37964163279160 0
204 0.14563359261843 6.53961429347600 6.68524788609443 0
68 0.14547328931131 7.12405363518524 7.26952692449656 0
460 0.14533055173831 5.65848317150366 5.80381372324197 0
699 0.14532194760204 5.09582142461990 5.24114337222194 0
113 0.14477704593921 6.53884176858764 6.68361881452685 0
7 0.14476000983659 7.50000000000000 7.64476000983658 0
308 0.14472535419296 5.85463767971848 5.99936303391144 0
840 0.14419334585818 4.55221078255498 4.69640412841315 0
60 0.14414866716014 7.08433432679713 7.22848299395727 0
618 0.14302108762332 5.65933367777822 5.80235476540154 0
170 0.14227537659251 6.12589918443081 6.26817456102332 0
103 0.14190661879388 6.72376293640028 6.86566955519416 0
791 0.14168642321746 4.61803398874989 4.75972041196735 0
580 0.14141178162334 5.59258272064335 5.73399450226670 0
54 0.14137958376405 6.68073438309291 6.82211396685696 0
192 0.14094484711543 6.14431390755897 6.28525875467440 0
171 0.14068846570756 6.16092254597392 6.30161101168148 0
465 0.14020125190501 5.74787276988575 5.88807402179076 0
121 0.14013676303166 6.62019905025570 6.76033581328736 0
359 0.13957723371194 6.29839146527850 6.43796869899044 0
446 0.13955178016483 5.94424418505791 6.08379596522275 0
267 0.13926755430571 6.08870484044964 6.22797239475535 0
221 0.13874107608778 6.72376293640029 6.86250401248807 0
307 0.13825947247578 6.11314910149285 6.25140857396863 0
161 0.13745585838141 6.00000000000000 6.13745585838141 0
18 0.13732054483304 7.50000000000000 7.63732054483304 0
28 0.13727945384733 7.24059715204601 7.37787660589334 0
739 0.13689512318866 5.59258272064337 5.72947784383203 0
75 0.13670597252564 7.24059715204602 7.37730312457167 0
728 0.13629246196241 5.22114167885260 5.35743414081502 0
108 0.13530716460856 6.63412094571622 6.76942811032478 0
56 0.13499699294839 6.79554442501092 6.93054141795931 0
712 0.13391500629425 5.07341950525491 5.20733451154916 0
330 0.13307189947344 6.09338339475484 6.22645529422828 0
109 0.13156155492256 6.62443932413930 6.75600087906186 0
310 0.13132705462416 6.01980590938976 6.15113296401392 0
44 0.13079372388367 6.78411053599302 6.91490425987669 0
173 0.13046032095973 6.00000000000001 6.13046032095974 0
209 0.13003247316760 6.37514442372678 6.50517689689438 0
344 0.12972023265463 6.00000000000001 6.12972023265463 0
439 0.12944886526504 6.00460769008637 6.13405655535141 0
167 0.12869915155072 6.20710678118655 6.33580593273727 0
635 0.12869828042388 6.08113883008418 6.20983711050807 0
487 0.12760910105039 6.01904475828093 6.14665385933133 0
336 0.12614682484116 6.13350080988396 6.25964763472512 0
123 0.12600266128380 6.74864853312700 6.87465119441079 0
53 0.12569221938949 6.76872224755983 6.89441446694932 0
422 0.12556343920536 5.50000000000001 5.62556343920537 0
415 0.12556343643219 5.50000000000000 5.62556343643220 0
278 0.12536012968913 5.70710678118656 5.83246691087568 0
437 0.12508478012440 5.48252776545035 5.60761254557476 0
20 0.12500004869288 6.50000000000000 6.62500004869288 0
24 0.12500002538016 7.00000000000001 7.12500002538017 0
10 0.12500002190181 7.00000000000001 7.12500002190181 0
529 0.12442571703857 5.50000000000001 5.62442571703858 0
335 0.12419111969317 6.21688430908553 6.34107542877870 0
106 0.12399140932860 6.68154410892594 6.80553551825455 0
101 0.12374304276984 6.78411053599302 6.90785357876286 0
227 0.12259031810518 6.57932655725714 6.70191687536232 0
582 0.12191732964990 5.55870116265807 5.68061849230796 0
277 0.12115496139627 6.03790784844243 6.15906280983870 0
21 0.12108067657918 7.00000000000002 7.12108067657920 0
58 0.12103581573400 7.00000000000001 7.12103581573401 0
331 0.12084575168997 6.13256625808215 6.25341200977212 0
46 0.12037506882123 6.71683231489168 6.83720738371290 0
127 0.12017164133384 6.68968828161520 6.80985992294905 0
212 0.12003252372322 6.52198049552668 6.64201301924990 0
303 0.11990232087283 6.16092254597392 6.28082486684676 0
88 0.11977176558069 6.58113883008420 6.70091059566488 0
807 0.11976658538571 5.15001460583972 5.26978119122543 0
175 0.11956446604132 6.58113883008419 6.70070329612550 0
343 0.11933053148487 6.58113883008420 6.70046936156906 0
442 0.11931608278420 6.03790784844243 6.15722393122663 0
591 0.11929907813254 5.21607669980700 5.33537577793954 0
230 0.11895581740220 6.62752337157423 6.74647918897643 0
593 0.11871594843673 5.38269978502143 5.50141573345817 0
114 0.11850241265382 6.62148835193860 6.73999076459242 0
67 0.11847970403490 7.15792025580744 7.27639995984234 0
550 0.11837944469809 5.38269978502142 5.50107922971951 0
586 0.11813020458715 5.47128392266309 5.58941412725024 0
59 0.11802914624883 7.07066805782768 7.18869720407651 0
62 0.11802623572551 6.99483914254597 7.11286537827148 0
98 0.11794161750642 6.55828710622285 6.67622872372928 0
326 0.11727825766116 6.08870484044964 6.20598309811080 0
179 0.11699420947368 6.50020991078662 6.61720412026030 0
793 0.11479856230604 4.93606758429186 5.05086614659790 0
314 0.11477736488946 6.02945625928608 6.14423362417554 0
180 0.11359160942085 6.46856527164284 6.58215688106369 0
405 0.11312227636323 5.66241806697979 5.77554034334301 0
313 0.11299755270262 6.04564171526848 6.15863926797110 0
55 0.11280931884646 6.80901699437493 6.92182631322139 0
136 0.11269448196249 6.80901699437497 6.92171147633746 0
414 0.11268630471215 5.64451842894413 5.75720473365627 0
742 0.11171386190775 5.59209126686366 5.70380512877141 0
131 0.11155562227239 7.08433432679714 7.19588994906953 0
182 0.11129723012526 6.28392310135289 6.39522033147815 0
49 0.11122246622849 7.00000000000001 7.11122246622849 0
129 0.11122240671505 7.00000000000000 7.11122240671505 0
141 0.11038988484479 7.12405363518524 7.23444352003003 0
458 0.11005362142420 5.96512929578159 6.07518291720579 0
455 0.10988080239531 5.75028906716186 5.86016986955717 0
107 0.10978551159537 6.71683231489164 6.82661782648700 0
298 0.10958600027772 6.12589918443081 6.23548518470853 0
97 0.10910256935516 6.51446874021860 6.62357130957376 0
611 0.10870782616200 5.74131213225286 5.85001995841487 0
207 0.10709230374915 6.53884176858764 6.64593407233679 0
347 0.10673519709271 6.50020991078662 6.60694510787932 0
96 0.10632789035457 6.48533240026320 6.59166029061777 0
620 0.10595579188765 5.56988628710286 5.67584207899051 0
425 0.10532973579219 5.58870484044965 5.69403457624183 0
417 0.10520074652365 5.73278799472386 5.83798874124752 0
213 0.10420620521967 6.51778949135457 6.62199569657424 0
426 0.10382346921113 5.70672476128244 5.81054823049357 0
428 0.10369206027830 5.58870484044964 5.69239690072794 0
134 0.10321324652738 6.99483914254597 7.09805238907335 0
535 0.10226048239204 5.42788625331799 5.53014673571003 0
629 0.10199353770281 5.87687849768654 5.97887203538935 0
300 0.10186606464891 6.13404530065327 6.23591136530218 0
206 0.10083755504651 6.55828710622285 6.65912466126936 0
232 0.10121221865522 6.56949605953328 6.67070827818850 0
789 0.10074487762173 4.89547040893631 4.99621528655804 0
409 0.10045301386940 5.66308758799974 5.76354060186914 0
297 0.09946198031426 6.08597249317877 6.18543447349303 0
702 0.09880636026648 5.13278968511175 5.23159604537823 0
485 0.09848016125069 6.04564171526846 6.14412187651915 0
356 0.09817313843681 6.47575781005915 6.57393094849596 0
486 0.09810332006385 6.02374656044191 6.12184988050577 0
198 0.09804370987059 6.65676678313375 6.75481049300434 0
590 0.09763367008828 5.49385832931750 5.59149199940578 0
711 0.09755890286372 5.08085472395424 5.17841362681796 0
592 0.09734912869864 5.46263806964362 5.55998719834226 0
61 0.09623209400433 7.04896974059959 7.14520183460392 0
110 0.09528476495559 6.62611016119015 6.72139492614574 0
532 0.09521023897342 5.42822208578279 5.52343232475621 0
562 0.09477305588793 5.54235502192757 5.63712807781550 0
311 0.09467626458334 6.11803398874990 6.21271025333325 0
351 0.09310360294884 6.52198049552668 6.61508409847552 0
203 0.09309375745547 6.56019521264298 6.65328897009844 0
309 0.09262619321710 6.03224201379115 6.12486820700825 0
579 0.09247962339740 5.49738929123777 5.58986891463517 0
463 0.09200969231270 5.64666747554406 5.73867716785675 0
456 0.09125245166972 5.72654567663702 5.81779812830674 0
238 0.09119796220009 7.08433432679714 7.17553228899723 0
708 0.09068658522017 5.20212195648251 5.29280854170268 0
130 0.09045242399988 7.07066805782769 7.16112048182757 0
452 0.09022491139388 5.98700743524197 6.07723234663586 0
302 0.09015762725249 6.14319842694811 6.23335605420060 0
111 0.09015050025339 6.64251002753356 6.73266052778695 0
268 0.08999770275279 6.06823425112277 6.15823195387556 0
201 0.08957099030419 6.48533240026318 6.57490339056737 0
38 0.08939047294795 7.50000000000001 7.58939047294796 0
176 0.08937475805210 6.55954675413532 6.64892151218743 0
725 0.08855589433586 5.51230235143601 5.60085824577187 0
225 0.08834613410912 6.63412094571621 6.72246707982533 0
622 0.08822214663869 5.68821707402879 5.77643922066748 0
781 0.08818969785986 4.74023955696352 4.82842925482338 0
656 0.08806485561056 5.06174446090501 5.14980931651556 0
587 0.08765398357276 5.53759557977531 5.62524956334807 0
730 0.08750353132186 5.43483119760325 5.52233472892511 0
229 0.08732863021449 6.60387308412907 6.69120171434355 0
208 0.08722681938845 6.52205348423381 6.60928030362226 0
727 0.08677332290378 5.44366428971285 5.53043761261663 0
252 0.08636121020279 5.91605496736593 6.00241617756872 0
41 0.08599987614501 6.50000000000000 6.58599987614501 0
332 0.08567699208371 6.24178632084659 6.32746331293030 0
384 0.08540096753408 5.61046674262923 5.69586771016330 0
5 0.08539342973560 7.50000000000000 7.58539342973561 0
568 0.08496452323846 5.53770489247077 5.62266941570923 0
271 0.08495032161551 6.09162674043406 6.17657706204957 0
543 0.08471868043956 5.25496963449280 5.33968831493236 0
381 0.08430265368472 5.66776974137363 5.75207239505836 0
14 0.08397940556663 7.50000000000000 7.58397940556663 0
169 0.08315798590863 6.12885239915331 6.21201038506194 0
345 0.08248809633549 6.55954675413532 6.64203485047080 0
306 0.08229476320213 6.07963133142558 6.16192609462771 0
363 0.08221294269180 6.62752337157424 6.70973631426604 0
105 0.08169373795161 6.79554442501092 6.87723816296253 0
696 0.08149960161411 5.05190173560218 5.13340133721629 0
247 0.08131917426476 5.95160596295578 6.03292513722054 0
536 0.08120767590830 5.19492988578792 5.27613756169622 0
408 0.08078876348828 5.61803398874989 5.69882275223817 0
410 0.08070412950033 5.65728289181412 5.73798702131445 0
25 0.08037213110102 7.15138781886600 7.23175994996702 0
222 0.08021899344858 6.74864853312700 6.82886752657558 0
280 0.07980382924903 5.92278796364155 6.00259179289058 0
805 0.07913101330289 5.04082063959896 5.11995165290185 0
419 0.07902475520411 5.65521248385397 5.73423723905808 0
153 0.07883741318092 6.16532679288432 6.24416420606524 0
489 0.07883182207345 6.08301197008800 6.16184379216145 0
584 0.07858214954367 5.53951235428871 5.61809450383238 0
385 0.07848330427618 5.50000000000001 5.57848330427619 0
607 0.07837346425870 5.51435821577009 5.59273168002879 0
502 0.07811977619841 6.47575781005915 6.55387758625756 0
424 0.07811145533470 5.68080854800879 5.75892000334349 0
301 0.07786534333327 6.03923059530205 6.11709593863532 0
630 0.07743127643718 5.94015529067448 6.01758656711167 0
186 0.07736194830478 6.48413016200331 6.56149211030809 0
228 0.07699866060702 6.54698942276889 6.62398808337591 0
66 0.07681786807787 7.15138781886600 7.22820568694387 0
573 0.07642889981514 5.46694372174426 5.54337262155940 0
792 0.07639017537972 4.89547040893631 4.97186058431603 0
574 0.07578468608275 5.66784424055146 5.74362892663421 0
482 0.07568575892028 6.06225707571322 6.13794283463350 0
80 0.07567841007639 7.50000000000000 7.57567841007639 0
726 0.07451211859587 5.51097472231946 5.58548684091534 0
387 0.07434423831671 5.59707308209624 5.67141732041295 0
710 0.07429757339492 5.34968796537030 5.42398553876522 0
92 0.07408320426719 6.71683231489165 6.79091551915885 0
42 0.07393232457703 6.45160596295578 6.52553828753281 0
477 0.07371882026742 6.12144153294978 6.19516035321720 0
322 0.07317534990950 6.44327831988568 6.51645366979518 0
608 0.07279594325198 5.64666747554406 5.71946341879605 0
294 0.07263632514748 6.19812971108219 6.27076603622967 0
205 0.07198473073217 6.61800758153392 6.68999231226609 0
421 0.07172363399754 5.75199535689854 5.82371899089608 0
22 0.07110454495651 6.97299760111404 7.04410214607056 0
565 0.07098466102460 5.64324979047247 5.71423445149708 0
706 0.07092442027204 5.15707973588133 5.22800415615337 0
357 0.07071521392210 6.46662807643441 6.53734329035652 0
119 0.07047698409313 6.76872224755980 6.83919923165292 0
162 0.07028916500562 6.31513574482332 6.38542490982894 0
545 0.06993199055820 5.42083654686875 5.49076853742696 0
779 0.06941441784848 4.94591551510753 5.01532993295601 0
481 0.06934322010617 6.03224201379113 6.10158523389730 0
340 0.06929904597308 6.09258272064337 6.16188176661646 0
245 0.06918880481362 5.99225469036815 6.06144349518177 0
200 0.06911075353390 6.62611016119016 6.69522091472406 0
304 0.06907070144601 6.13412094571621 6.20319164716222 0
323 0.06848110692875 6.34743735225536 6.41591845918410 0
722 0.06808894041138 5.46947818760819 5.53756712801957 0
333 0.06797621960411 6.11130476296890 6.17928098257301 0
453 0.06769905429894 6.00197244698191 6.06967150128085 0
692 0.06758211390013 5.06210313066208 5.12968524456221 0
626 0.06750652569947 6.00197244698191 6.06947897268138 0
276 0.06704445923898 5.96720855063094 6.03425300986992 0
133 0.06646627765458 7.03410349725027 7.10056977490485 0
572 0.06639148151416 5.66239168626556 5.72878316777972 0
432 0.06530024665383 5.99225469036815 6.05755493702199 0
661 0.06521474445135 5.10664085353815 5.17185559798950 0
99 0.06494820065731 6.42976169430762 6.49470989496493 0
269 0.06485600321527 5.84699740852778 5.91185341174305 0
95 0.06466565706193 6.50000000000000 6.56466565706193 0
459 0.06460115305983 5.99066663915263 6.05526779221246 0
447 0.06450938358526 6.02082025586633 6.08532963945159 0
195 0.06446961259268 6.71683231489164 6.78130192748433 0
353 0.06420888920271 6.47481127146668 6.53902016066939 0
223 0.06411637865332 6.50000000000001 6.56411637865332 0
184 0.06394651670882 6.42976169430761 6.49370821101643 0
256 0.06394102639533 5.50000000000001 5.56394102639534 0
33 0.06384538793905 7.50000000000002 7.56384538793908 0
729 0.06364103866764 5.46263806964362 5.52627910831126 0
85 0.06343321359750 6.45160596295578 6.51503917655328 0
185 0.06319284260903 6.48500690519936 6.54819974780840 0
402 0.06308483262067 5.91605496736592 5.97913979998659 0
214 0.06258922127080 6.42724295511308 6.48983217638389 0
355 0.06257698813723 6.42724295511309 6.48981994325032 0
172 0.06250490846410 6.38294541070312 6.44545031916722 0
329 0.06250490572589 6.38294541070312 6.44545031642901 0
495 0.06250490490330 6.38294541070311 6.44545031560641 0
293 0.06250490128850 6.38294541070311 6.44545031199161 0
51 0.06176778828324 6.97174648957102 7.03351427785426 0
700 0.06125488391232 5.04225407734922 5.10350896126153 0
548 0.06123323120972 5.47133576002026 5.53256899122998 0
474 0.06114177711134 6.13414749388273 6.19528927099407 0
478 0.06103623492424 6.08092800883043 6.14196424375467 0
433 0.06073476783475 5.95160596295578 6.01234073079053 0
621 0.06046883963927 5.59236618552103 5.65283502516030 0
146 0.06039370223277 6.12885239915330 6.18924610138607 0
258 0.05994273575811 6.12885239915331 6.18879513491142 0
118 0.05980753201972 6.99146094030491 7.05126847232463 0
248 0.05906584364593 5.93976587483732 5.99883171848325 0
279 0.05897465283241 5.93764837954717 5.99662303237958 0
273 0.05881709016691 6.01539433250808 6.07421142267499 0
436 0.05880744138201 6.05930168834669 6.11810912972870 0
319 0.05855143919201 6.25943380636250 6.31798524555451 0
660 0.05854183808034 5.07710405394105 5.13564589202138 0
628 0.05841886943852 5.98166433856604 6.04008320800456 0
354 0.05837557042696 6.48500690519937 6.54338247562633 0
84 0.05825072119444 6.50000000000001 6.55825072119445 0
776 0.05813010053346 4.86737043403916 4.92550053457262 0
526 0.05764841550822 5.39212167389051 5.44977008939873 0
412 0.05761168649633 5.71757143149114 5.77518311798746 0
73 0.05728479944337 7.50000000000001 7.55728479944338 0
688 0.05688141481355 5.22837288649515 5.28525430130869 0
537 0.05686778696743 5.54946475720420 5.60633254417163 0
616 0.05683759076568 5.91397817658203 5.97081576734771 0
566 0.05588249506273 5.56896058256400 5.62484307762673 0
679 0.05575763181688 5.14149741458858 5.19725504640546 0
839 0.05503267600810 4.57586563048148 4.63089830648958 0
499 0.05479620636919 6.24670649829451 6.30150270466370 0
52 0.05444463723633 6.97299760111403 7.02744223835035 0
27 0.05432707129516 7.08504324331303 7.13937031460819 0
70 0.05431439128062 7.08504324331303 7.13935763459365 0
266 0.05387037440512 6.07077451114971 6.12464488555483 0
462 0.05362112813459 5.89759416797303 5.95121529610762 0
346 0.05360757636192 6.61800758153389 6.67161515789581 0
704 0.05329747453608 5.03408325337110 5.08738072790719 0
479 0.05301602719050 6.13237069158751 6.18538671877801 0
504 0.05291996584033 5.00000000000000 5.05291996584033 0
678 0.05285399244528 4.96689831495659 5.01975230740187 0
508 0.05263881253654 5.41377841213035 5.46641722466689 0
290 0.05209322276716 6.25315278122279 6.30524600398995 0
676 0.05189490940617 5.41377841213036 5.46567332153653 0
211 0.05182985203788 6.58433432679714 6.63616417883502 0
652 0.05178983023165 5.02635814607372 5.07814797630536 0
838 0.05114915146490 4.61567452565044 4.66682367711533 0
233 0.05110961714119 6.99146094030490 7.04257055744609 0
786 0.05083943694209 4.95237037980292 5.00320981674501 0
588 0.05039802752292 5.45981757724922 5.51021560477213 0
253 0.05036726524934 5.88663502865629 5.93700229390563 0
292 0.05023080009465 6.16532679288432 6.21555759297897 0
270 0.05014270981065 6.06157861264400 6.11172132245465 0
718 0.04997483085102 5.39166689611835 5.44164172696937 0
441 0.04984505218455 5.88663502865629 5.93648008084084 0
406 0.04952455709412 5.70842459361463 5.75794915070875 0
569 0.04935121766092 5.30332148456319 5.35267270222411 0
665 0.04911159310279 5.13246047787082 5.18157207097361 0
418 0.04889356843871 5.89309385198404 5.94198742042275 0
397 0.04860931270913 5.81309903426365 5.86170834697279 0
625 0.04848009084908 6.02286140594635 6.07134149679543 0
583 0.04847883193515 5.58578761956699 5.63426645150215 0
701 0.04761331710016 5.38269978502144 5.43031310212159 0
693 0.04752999743863 5.40457391979395 5.45210391723259 0
448 0.04729232635583 5.93083995642434 5.97813228278017 0
116 0.04691371201985 6.97174648957101 7.01866020159086 0
772 0.04643008450319 4.84911231955212 4.89554240405531 0
576 0.04629898785311 5.45480536643164 5.50110435428476 0
488 0.04604007639869 5.99613902561953 6.04217910201822 0
152 0.04603097726660 6.21356697242989 6.25959794969648 0
765 0.04578921220867 4.67329251011624 4.71908172232491 0
610 0.04569289787943 5.57002747232013 5.61572037019956 0
581 0.04526794153974 5.58890904742605 5.63417698896579 0
601 0.04518240809062 5.72654567663703 5.77172808472765 0
373 0.04518236005767 5.50000000000001 5.54518236005768 0
612 0.04493109284463 5.75854595472955 5.80347704757417 0
368 0.04447937501067 5.53484363281544 5.57932300782610 0
787 0.04423012821329 4.90771685888845 4.95194698710174 0
445 0.04410811823885 6.00900478073982 6.05311289897867 0
11 0.04407839162799 7.50000000000000 7.54407839162799 0
45 0.04399349134986 6.95251508828664 6.99650857963650 0
100 0.04390487812430 6.95251508828663 6.99641996641093 0
513 0.04381423808425 5.42030299757612 5.46411723566037 0
450 0.04356432970893 5.99830143055553 6.04186576026446 0
806 0.04341395900795 5.15707973588134 5.20049369488929 0
411 0.04336482423688 5.94494408671851 5.98830891095539 0
684 0.04305335632329 5.42030299757613 5.46335635389942 0
609 0.04300068362785 5.87397842345807 5.91697910708592 0
375 0.04284462516667 5.61803398874990 5.66087861391657 0
461 0.04291189134022 5.92983635697879 5.97274824831901 0
349 0.04223919712106 6.58433432679714 6.62657352391820 0
657 0.04199923014209 5.06217478481208 5.10417401495417 0
753 0.04177308635666 4.50000000000000 4.54177308635665 0
570 0.04174376049131 5.61657737449524 5.65832113498655 0
559 0.04162246963688 5.54237558469737 5.58399805433425 0
563 0.04102686499660 5.57633925099271 5.61736611598932 0
571 0.04083858188741 5.57513256617320 5.61597114806061 0
731 0.04077139954492 5.38269978502143 5.42347118456635 0
511 0.04068665472608 5.36218153230097 5.40286818702705 0
703 0.04036061165030 4.92911857415925 4.96947918580956 0
528 0.04020900313491 5.48355048804160 5.52375949117651 0
32 0.03990489372078 7.50000000000000 7.53990489372078 0
251 0.03969515841487 5.98628236373952 6.02597752215438 0
377 0.03931406525002 5.68755518938097 5.72686925463099 0
823 0.03910218635764 4.41272447173040 4.45182665808805 0
808 0.03899387337293 5.34968796537031 5.38868183874323 1
64 0.03852110542559 7.02653227373376 7.06505337915935 0
399 0.03848122986012 5.89949517485324 5.93797640471336 0
658 0.03837485157830 5.09402236598190 5.13239721756020 0
164 0.03821722414914 6.45486749659305 6.49308472074218 0
523 0.03800031400599 5.53484363281544 5.57284394682143 0
751 0.03715053714475 4.82234537323257 4.85949591037732 0
780 0.03687180435609 5.02166943752686 5.05854124188296 0
723 0.03686956079692 5.43701450633871 5.47388406713563 0
509 0.03686182386225 5.25870128098609 5.29556310484834 0
317 0.03682501663949 6.45486749659305 6.49169251323254 0
370 0.03662919174709 5.42788625331800 5.46451544506509 0
680 0.03653570104420 5.36218153230098 5.39871723334518 0
790 0.03626538651034 4.85108158044806 4.88734696695840 0
287 0.03621420285811 6.21356697242989 6.24978117528800 0
724 0.03596431837874 5.47010646318222 5.50607078156096 0
527 0.03583105355406 5.42788625331800 5.46371730687206 0
651 0.03568366973338 5.29844973784377 5.33413340757715 0
613 0.03556723840881 5.94015529067448 5.97572252908329 0
257 0.03533782891251 6.00000000000000 6.03533782891252 0
407 0.03530756549122 5.91330613414746 5.94861369963868 0
299 0.03514500682977 6.14431390755898 6.17945891438874 0
501 0.03510350464000 6.58433432679714 6.61943783143714 0
315 0.03485320708586 6.00000000000000 6.03485320708586 0
492 0.03473688593917 6.00000000000000 6.03473688593917 0
771 0.03470669568919 4.72067143223588 4.75537812792508 0
401 0.03445588108726 5.97897687275588 6.01343275384314 0
720 0.03416173300628 5.43701450633872 5.47117623934500 0
605 0.03409983781545 5.91463617600076 5.94873601381622 0
263 0.03400002266923 6.06052511546820 6.09452513813743 0
376 0.03388658959532 5.76831481060291 5.80220140019823 0
777 0.03385601919583 4.79505991925248 4.82891593844831 0
804 0.03374010285065 5.04225407734922 5.07599418019987 0
785 0.03373635523998 5.06681194625097 5.10054830149094 0
819 0.03372122361194 4.55221078255498 4.58593200616692 0
241 0.03344241556385 5.61803398874991 5.65147640431376 0
824 0.03333307310898 4.51152889366723 4.54486196677621 0
438 0.03330218478180 6.02601425679686 6.05931644157867 0
475 0.03328753047064 5.84413108318436 5.87741861365500 0
836 0.03328592570437 4.48722539023356 4.52051131593793 0
841 0.03323801557168 4.79486685161438 4.82810486718606 1
382 0.03295348943925 5.45160596295578 5.48455945239503 0
367 0.03293547444743 5.61803398874990 5.65096946319733 0
649 0.03282152009018 4.98813495791061 5.02095647800078 0
74 0.03229501679640 7.50000000000001 7.53229501679641 0
596 0.03168038699968 5.76831481060291 5.79999519760259 0
714 0.03153388962692 5.45480536643164 5.48633925605855 0
602 0.03144420587464 5.91330613414748 5.94475034002212 0
369 0.03128754327671 5.35463767971846 5.38592522299516 0
82 0.03121357194767 6.44957966648555 6.48079323843323 0
510 0.03102164809087 5.35463767971847 5.38565932780934 0
558 0.03072579523787 5.64581677190750 5.67654256714537 0
721 0.03040473850269 5.49743697330002 5.52784171180271 0
183 0.03030691949184 6.49888583528557 6.52919275477741 0
653 0.03020778307215 5.12394934249400 5.15415712556616 0
389 0.03013872809675 5.50000000000000 5.53013872809676 0
556 0.03010554136517 5.59629120178363 5.62639674314880 0
383 0.02993870769730 5.89214396395989 5.92208267165719 0
560 0.02988026294057 5.89214396395987 5.92202422690044 0
143 0.02987305628645 7.50000000000001 7.52987305628646 0
740 0.02980963169194 5.88557997757102 5.91538960926296 1
741 0.02968566731535 5.59236618552103 5.62205185283638 0
199 0.02955982344946 6.60538658187908 6.63494640532854 0
754 0.02953779690863 4.85066448729952 4.88020228420815 0
138 0.02951732255761 7.01951747336736 7.04903479592497 0
515 0.02949506843811 5.39211466349455 5.42160973193266 0
93 0.02942279034476 6.63917956129691 6.66860235164168 0
594 0.02940111923078 5.48252776545036 5.51192888468114 0
260 0.02939679427795 6.12885239915332 6.15824919343127 0
83 0.02919089146227 6.42170224366683 6.45089313512910 0
774 0.02917743618754 5.03400420425300 5.06318164044055 0
517 0.02914306462179 5.11803398874990 5.14717705337170 0
533 0.02899234613321 5.59707308209624 5.62606542822945 0
546 0.02881999254296 5.46411476326770 5.49293475581066 0
798 0.02864463468158 5.29844973784376 5.32709437252534 1
396 0.02776834145956 5.92361137303652 5.95137971449608 0
440 0.02765368540982 5.97851067367335 6.00616435908318 0
104 0.02763102062048 6.95251508828664 6.98014610890712 0
638 0.02759338563252 5.03059093858749 5.05818432422001 0
666 0.02748597602959 5.11803398874990 5.14551996477949 0
505 0.02734915983909 5.11803398874991 5.14538314858900 0
217 0.02705835541435 6.95251508828663 6.97957344370098 0
575 0.02698323203071 5.30468244182256 5.33166567385327 0
551 0.02695402380912 5.20710678118657 5.23406080499568 0
544 0.02695401998797 5.20710678118655 5.23406080117452 0
553 0.02695401412929 5.20710678118656 5.23406079531585 0
539 0.02659958096576 5.46853399950670 5.49513358047246 0
748 0.02638715677483 4.82070051701893 4.84708767379376 0
685 0.02614603120426 5.34413108318435 5.37027711438862 0
400 0.02625499704608 5.98628236373950 6.01253736078558 0
567 0.02576972503584 5.57074092362560 5.59651064866144 0
321 0.02568945316501 6.46279143761092 6.48848089077593 0
640 0.02559230667623 4.92788625331799 4.95347855999422 0
675 0.02555875719757 4.95727500104624 4.98283375824381 0
707 0.02532925077833 5.08870484044965 5.11403409122798 0
697 0.02532925047026 5.08870484044965 5.11403409091991 0
709 0.02532924831652 5.08870484044965 5.11403408876617 0
538 0.02519563938058 5.36392151221436 5.38911715159493 0
831 0.02512716037583 4.69322313729668 4.71835029767251 1
506 0.02510157675130 5.37269611370898 5.39779769046028 0
670 0.02509956856588 5.09564162619800 5.12074119476388 0
434 0.02505647757395 6.03923059530205 6.06428707287601 0
690 0.02470454891905 5.39211466349456 5.41681921241361 0
782 0.02427161091233 5.09564162619801 5.11991323711034 0
694 0.02406982233501 5.37446139994574 5.39853122228075 0
87 0.02382348775486 6.53884176858763 6.56266525634249 0
677 0.02377745811114 5.32463906143744 5.34841651954858 0
561 0.02340053451796 5.89214396395987 5.91554449847783 0
695 0.02270284865631 5.38777135403996 5.41047420269627 0
158 0.02266522195217 6.44957966648554 6.47224488843771 0
124 0.02247140087015 6.98390884634121 7.00638024721135 0
760 0.02242766249925 4.80621987058314 4.82864753308239 0
736 0.02240901575814 5.89214396395988 5.91455297971803 1
471 0.02228362626666 6.11130476296891 6.13358838923557 0
650 0.02219489185242 4.87611462132444 4.89830951317686 0
202 0.02211113194513 6.59331749464337 6.61542862658851 0
815 0.02199674988197 4.47678006293636 4.49877681281834 0
645 0.02177736790243 4.86602540378444 4.88780277168687 0
374 0.02176918869898 5.88663502865627 5.90840421735525 0
595 0.02176894833587 5.88663502865627 5.90840397699214 0
717 0.02168821872657 5.58578761956698 5.60747583829356 0
235 0.02164018679840 6.98390884634123 7.00554903313963 0
525 0.02137733989051 5.35812268425194 5.37950002414245 0
244 0.02114893501164 6.12885239915332 6.15000133416496 0
850 0.02112011803612 4.32658365523851 4.34770377327463 1
391 0.02100332242698 5.45160596295579 5.47260928538277 0
598 0.02053397929221 5.97897687275587 5.99951085204808 0
429 0.02069226058336 6.12885239915331 6.14954465973667 0
778 0.02044566237921 4.72712722271259 4.74757288509179 0
327 0.02041709094363 6.47534086338649 6.49575795433012 0
547 0.02017833816173 5.50000000000001 5.52017833816174 0
160 0.02014806134259 6.42170224366685 6.44185030500943 0
812 0.02008887850032 4.13455862068320 4.15464749918352 0
178 0.01958797669143 6.54062127946450 6.56020925615593 0
599 0.01946293875744 5.88876976740373 5.90823270616117 0
756 0.01945967339052 4.88339199384557 4.90285166723608 0
687 0.01923277941895 5.43801702416337 5.45724980358233 0
802 0.01922183333921 5.35219985395450 5.37142168729371 1
659 0.01917148746366 5.06959442776005 5.08876591522371 0
681 0.01902887656706 5.22567598878963 5.24470486535669 0
289 0.01853576439330 6.43647502217374 6.45501078656704 0
494 0.01846620256155 6.43647502217375 6.45494122473530 0
689 0.01826281071373 5.34746534231750 5.36572815303123 0
497 0.01817295411378 6.43966265509596 6.45783560920974 0
853 0.01812322029435 4.33623968068666 4.35436290098100 1
352 0.01785142353873 6.52312813486042 6.54097955839915 0
542 0.01782330503500 5.45160596295579 5.46942926799079 0
833 0.01761039497613 4.82617945813901 4.84378985311514 1
540 0.01753524889947 5.41769472490002 5.43522997379949 0
249 0.01726327160007 5.91897366436383 5.93623693596390 0
174 0.01719827932331 6.45160596295579 6.46880424227910 0
552 0.01660602668081 5.45160596295579 5.46821198963660 0
554 0.01652964134273 5.38150164330688 5.39803128464960 0
177 0.01652348012654 6.51339875449424 6.52992223462078 0
150 0.01599135929920 6.42170224366685 6.43769360296605 0
814 0.01590496919097 4.48722539023356 4.50313035942453 0
166 0.01574844289951 6.45127292127125 6.46702136417077 0
691 0.01547824466779 5.45160596295578 5.46708420762358 0
698 0.01535959769993 5.38150164330687 5.39686124100680 0
627 0.01524315665276 5.99613902561955 6.01138218227231 0
348 0.01497552140938 6.52637280389875 6.54134832530813 0
507 0.01495328336239 5.34404139472601 5.35899467808841 0
822 0.01479636742497 4.37253810729872 4.38733447472369 0
522 0.01469566414638 5.35463767971847 5.36933334386485 0
435 0.01468760217684 5.99392126963886 6.00860887181570 0
811 0.01450641833541 4.13177142370500 4.14627784204041 0
801 0.01443705872521 5.31213581825379 5.32657287697900 1
388 0.01422419597528 5.50000000000001 5.51422419597528 0
577 0.01422419195190 5.50000000000000 5.51422419195190 0
585 0.01422418761943 5.50000000000000 5.51422418761942 0
390 0.01422417809292 5.50000000000000 5.51422417809292 0
578 0.01422415170580 5.50000000000002 5.51422415170581 0
386 0.01422414103180 5.50000000000000 5.51422414103180 0
642 0.01420217206680 4.92788625331800 4.94208842538480 0
762 0.01404646296418 4.92788625331800 4.94193271628218 0
803 0.01402483690835 5.38150164330688 5.39552648021524 1
755 0.01384493623820 4.61803398874990 4.63187892498810 0
769 0.01384493524150 4.61803398874991 4.63187892399141 0
764 0.01384491341585 4.61803398874990 4.63187890216575 0
834 0.01355914529647 4.80621987058315 4.81977901587963 1
413 0.01352997564315 5.93764837954719 5.95117835519034 0
512 0.01332115789099 5.25636126193057 5.26968241982157 0
682 0.01328037777914 5.25636126193056 5.26964163970970 0
655 0.01320359302993 5.39211466349455 5.40531825652448 0
648 0.01320068969176 5.25636126193057 5.26956195162233 0
797 0.01320064295509 5.25636126193057 5.26956190488566 1
800 0.01319819901333 5.39211466349455 5.40531286250788 1
829 0.01302422551894 4.64142336766378 4.65444759318272 1
715 0.01292208028045 5.30468244182256 5.31760452210301 0
320 0.01285474138998 6.47575781005916 6.48861255144914 0
395 0.01277320498349 5.91897366436383 5.93174686934732 0
766 0.01276686137262 4.89530322738235 4.90807008875497 0
420 0.01276187131642 5.92278796364154 5.93554983495797 0
296 0.01271192502441 6.43506910948067 6.44778103450508 0
750 0.01255728401874 4.72389031400955 4.73644759802830 0
291 0.01246653980528 6.45127292127125 6.46373946107653 0
403 0.01224038149423 5.87975510952943 5.89199549102365 0
849 0.01180429158481 3.95405813688847 3.96586242847327 1
837 0.01180304435613 4.89530322738235 4.90710627173849 1
524 0.01163682764290 5.35463767971847 5.36627450736137 0
480 0.01121658597588 6.09258272064338 6.10379930661927 0
283 0.01115979632864 6.42170224366685 6.43286203999549 0
713 0.01106753458336 5.30332148456319 5.31438901914654 0
744 0.01096015999923 4.54967903278345 4.56063919278268 0
117 0.01079848782061 7.02653227373375 7.03733076155437 0
830 0.01058403887142 4.44970880959820 4.46029284846962 1
50 0.01056447219208 7.08504324331304 7.09560771550511 0
132 0.01043476700482 7.08504324331303 7.09547801031785 0
674 0.01039903428218 5.34404139472600 5.35444042900818 0
473 0.01037046803650 6.41515672307675 6.42552719111325 0
220 0.01033572907895 6.98390884634122 6.99424457542016 0
683 0.01026772892150 5.36889730977589 5.37916503869739 0
380 0.01026086068198 5.50000000000000 5.51026086068198 0
379 0.01025750757344 5.87563258081793 5.88589008839137 0
745 0.01024773306280 4.73232703445841 4.74257476752121 0
472 0.01022991353667 6.43506910948068 6.44529902301736 0
364 0.01012158304909 6.98390884634122 6.99403042939031 0
564 0.00994193198117 5.89309385198404 5.90303578396521 0
775 0.00990253959256 5.04798584720617 5.05788838679873 0
603 0.00989993383760 5.92983635697880 5.93973629081641 0
851 0.00983266899169 4.28546713015770 4.29529979914940 1
600 0.00980060300148 5.87975510952945 5.88955571253093 0
852 0.00969061451745 4.23167384824900 4.24136446276645 1
757 0.00956390510096 4.79754764869715 4.80711155379811 0
846 0.00933801035283 4.20442598378843 4.21376399414126 1
634 0.00932247948879 6.41515672307676 6.42447920256555 1
555 0.00927730516259 5.87563258081794 5.88490988598053 0
157 0.00925772456313 6.53884176858763 6.54809949315077 0
606 0.00898750659275 5.89759416797302 5.90658167456577 0
646 0.00892102709398 5.25870128098609 5.26762230808007 0
737 0.00867841940949 5.87397842345808 5.88265684286757 1
832 0.00865390036530 4.79754764869714 4.80620154906244 1
234 0.00852896980701 7.01951747336735 7.02804644317436 0
496 0.00814610886109 6.47575781005914 6.48390391892024 0
316 0.00805102482065 6.51339875449426 6.52144977931491 0
752 0.00792242220148 4.86593542535253 4.87385784755401 0
557 0.00749646443529 5.84546877769351 5.85296524212881 0
738 0.00737383128273 5.57002747232013 5.57740130360286 0
848 0.00734952489799 4.21547645670074 4.22282598159873 1
796 0.00697282534466 5.22567598878963 5.23264881413429 1
747 0.00655127430954 4.41723150996410 4.42378278427364 0
795 0.00645986674769 4.96689831495658 4.97335818170427 1
735 0.00644412388171 5.84546877769352 5.85191290157523 1
644 0.00597774938046 5.01631392323530 5.02229167261577 0
816 0.00551639797265 4.38175750229184 4.38727390026449 0
262 0.00529113160226 6.08870484044965 6.09399597205191 0
828 0.00521307788343 4.41723150996410 4.42244458784754 1
541 0.00504839290622 5.45160596295577 5.45665435586199 0
844 0.00464999586244 3.84153022842216 3.84618022428460 1
763 0.00463916527929 4.84152947768424 4.84616864296353 0
530 0.00463782975289 5.42788625331800 5.43252408307090 0
641 0.00460625442571 4.85463767971846 4.85924393414417 0
758 0.00460625187934 4.85463767971847 4.85924393159781 0
847 0.00460290734334 3.94088883855182 3.94549174589516 1
163 0.00459631423741 6.42976169430761 6.43435800854502 0
264 0.00442992601053 6.38294541070312 6.38737533671365 0
470 0.00442917588421 6.38294541070312 6.38737458658733 0
749 0.00434191610750 4.85463767971847 4.85897959582596 0
639 0.00434184256198 4.85463767971847 4.85897952228045 0
835 0.00428977174679 4.84152947768424 4.84581924943103 1
633 0.00415074816650 6.38294541070312 6.38709615886962 1
431 0.00415071973286 6.38294541070311 6.38709613043597 0
647 0.00413407754245 5.35463767971847 5.35877175726092 0
637 0.00398379328265 4.85463767971846 4.85862147300110 0
318 0.00381679456781 6.42724295511308 6.43105974968089 0
285 0.00369391854376 6.42976169430762 6.43345561285138 0
393 0.00347183391884 5.84699740852778 5.85046924244663 0
520 0.00323495166113 5.76831481060291 5.77154976226404 0
734 0.00322617058438 5.76831481060291 5.77154098118729 1
493 0.00316080546498 6.42724295511307 6.43040376057806 0
825 0.00293810610200 4.35463767971846 4.35757578582046 0
826 0.00293807732615 4.35463767971846 4.35757575704461 0
813 0.00293806069151 4.35463767971847 4.35757574040998 0
817 0.00293805436625 4.35463767971847 4.35757573408472 0
799 0.00287393367682 5.34413108318436 5.34700501686118 1
624 0.00277523030030 5.84413108318437 5.84690631348467 0
794 0.00258633350976 4.95727500104626 4.95986133455603 1
398 0.00237844077009 5.89866248089707 5.90104092166716 0
597 0.00237843775576 5.89866248089709 5.90104091865285 0
259 0.00201860081498 5.95160596295578 5.95362456377075 0
13 0.00200109427187 7.50000000000001 7.50200109427188 0
36 0.00200051527659 7.50000000000001 7.50200051527660 0
76 0.00191414631595 7.50000000000001 7.50191414631596 0
845 0.00187771921566 3.90739725796350 3.90927497717916 1
144 0.00186816472389 7.50000000000001 7.50186816472391 0
91 0.00175844320088 6.70710678118655 6.70886522438743 0
218 0.00175840135499 6.70710678118654 6.70886518254153 0
151 0.00064930817649 6.20710678118655 6.20775608936304 0
361 0.00035462724608 6.95251508828664 6.95286971553272 0
342 0.00035462147050 6.95251508828664 6.95286970975713 0
503 0.00035461599782 6.95251508828665 6.95286970428448 1
196 0.00035460084064 6.95251508828665 6.95286968912728 0
468 0.00026687357209 6.42170224366685 6.42196911723894 0
632 0.00026687240556 6.42170224366684 6.42196911607240 1
286 0.00026687191337 6.42170224366685 6.42196911558022 0
469 0.00026687084885 6.42170224366685 6.42196911451570 0
531 0.00025177485904 5.45160596295578 5.45185773781482 0
288 0.00001959071383 6.15871274414233 6.15873233485616 0
65 0.00000011605747 7.50000000000001 7.49999988394254 0
719 0.00000011112743 5.50000000000001 5.49999988887258 0
716 0.00000008998260 5.50000000000001 5.49999991001741 0
668 0.00000007627826 5.00000000000002 4.99999992372175 0
768 0.00000007200188 4.50000000000000 4.49999992799812 0
23 0.00000006676714 7.50000000000001 7.49999993323287 0
770 0.00000005962449 4.50000000000000 4.49999994037551 0
810 0.00000005405673 4.00000000000000 3.99999994594327 0
783 0.00000005516426 4.95160596295578 4.95160590779152 0
759 0.00000005101443 4.50000000000001 4.49999994898557 0
669 0.00000004675921 4.95160596295578 4.95160591619657 0
662 0.00000004619274 5.00000000000002 4.99999995380728 0
667 0.00000004548471 4.95160596295578 4.95160591747107 0
140 0.00000004542424 7.50000000000001 7.49999995457577 0
654 0.00000004507462 5.00000000000001 4.99999995492539 0
43 0.00000004494342 7.00000000000001 6.99999995505659 0
519 0.00000004374656 5.50000000000001 5.49999995625346 0
274 0.00000004194042 6.00000000000000 5.99999995805959 0
115 0.00000003833602 6.99999999999999 6.99999996166397 0
767 0.00000003819835 4.50000000000001 4.49999996180166 0
733 0.00000003732534 5.48252776545036 5.48252772812503 1
818 0.00000003409779 4.00000000000001 3.99999996590222 0
281 0.00000002891990 6.50000000000000 6.50000002891990 0
341 0.00000002569573 6.50000000000000 6.49999997430427 0
90 0.00000002503474 7.00000000000001 6.99999997496527 0
672 0.00000002492472 4.49999999999999 4.50000002492471 0
145 0.00000002374052 6.00000000000000 6.00000002374052 0
216 0.00000002302991 7.00000000000001 6.99999997697010 0
443 0.00000002069484 6.00000000000001 5.99999997930517 0
156 0.00000002061475 6.50000000000001 6.49999997938526 0
664 0.00000001998651 4.95160596295578 4.95160594296928 0
366 0.00000001916059 5.50000000000001 5.50000001916060 0
521 0.00000001816144 5.50000000000000 5.50000001816145 0
193 0.00000001718970 6.50000000000001 6.50000001718971 0
240 0.00000001674850 5.50000000000000 5.50000001674850 0
773 0.00000001580175 4.95160596295579 4.95160594715405 0
784 0.00000001546887 4.95160596295579 4.95160594748692 0
663 0.00000001489993 4.50000000000000 4.50000001489993 0
81 0.00000001468254 6.50000000000001 6.49999998531747 0
239 0.00000001403492 7.50000000000001 7.49999998596509 0
788 0.00000001309048 4.95160596295578 4.95160597604626 0
549 0.00000001264209 5.50000000000001 5.49999998735792 0
194 0.00000001191418 6.97299760111404 6.97299758919985 0
671 0.00000000959569 5.00000000000000 4.99999999040430 0
467 0.00000001176360 6.44957966648555 6.44957967824915 0
86 0.00000000920020 6.50000000000001 6.50000000920021 0
516 0.00000000918501 5.00000000000000 5.00000000918501 0
743 0.00000000887964 4.50000000000001 4.49999999112037 0
430 0.00000000766448 5.95160596295579 5.95160597062027 0
128 0.00000000762954 7.50000000000000 7.49999999237047 0
643 0.00000000753423 5.00000000000000 4.99999999246577 0
394 0.00000000727305 5.95160596295579 5.95160597022883 0
149 0.00000000720259 6.50000000000001 6.49999999279742 0
761 0.00000000699893 4.50000000000002 4.49999999300109 0
821 0.00000000658368 4.42788625331800 4.42788624673433 0
243 0.00000000651116 6.00000000000000 5.99999999348884 0
360 0.00000000600761 6.97174648957102 6.97174649557863 0
159 0.00000000552505 6.45160596295579 6.45160595743075 0
155 0.00000000538670 6.50000000000000 6.49999999461330 0
392 0.00000000527065 6.00000000000000 5.99999999472935 0
518 0.00000000484246 5.00000000000000 5.00000000484246 0
827 0.00000000425681 4.42788625331799 4.42788624906118 0
219 0.00000000412796 6.97174648957102 6.97174648544306 0
48 0.00000000407038 7.50000000000000 7.49999999592962 0
102 0.00000000401749 6.97299760111404 6.97299759709655 0
636 0.00000000393180 4.50000000000000 4.50000000393180 0
843 0.00000000272655 3.50000000000000 3.49999999727345 1
514 0.00000000266330 5.00000000000001 4.99999999733671 0
246 0.00000000268851 5.95160596295578 5.95160596564429 0
284 0.00000000219404 6.44957966648555 6.44957966867959 0
282 0.00000000171752 6.45160596295580 6.45160596467331 0
673 0.00000000157947 4.95160596295578 4.95160596453525 0
237 0.00000000136235 7.50000000000001 7.49999999863766 0
534 0.00000000115980 5.50000000000001 5.49999999884021 0
820 0.00000000076350 4.42788625331800 4.42788625255450 0
631 0.00000000084099 6.00000000000000 5.99999999915901 1
365 0.00000000070779 7.50000000000000 7.49999999929221 1
746 0.00000000027535 4.50000000000000 4.49999999972465 0
