1 0.37500003571490 4.00000000000000 4.37500003571490 0
2 0.19658310513516 4.00000000000000 4.19658310513516 0
18 0.14168642672137 3.11803398874990 3.25972041547127 0
4 0.12556343800254 4.00000000000000 4.12556343800255 0
7 0.02695401618797 3.70710678118655 3.73406079737452 0
12 0.02532926838878 3.58870484044964 3.61403410883842 0
3 0.01422419694025 4.00000000000000 4.01422419694025 0
8 0.01422416803958 4.00000000000000 4.01422416803958 0
15 0.01384491129208 3.11803398874990 3.13187890004198 0
20 0.00293803462013 2.85463767971847 2.85757571433860 1
16 0.00000004430923 3.00000000000000 2.99999995569077 0
9 0.00000003986491 3.50000000000000 3.49999996013509 0
10 0.00000003384642 3.45160596295578 3.45160592910936 0
11 0.00000003340777 3.00000000000000 3.00000003340777 0
19 0.00000001250466 2.50000000000000 2.49999998749534 1
13 0.00000000510194 4.00000000000000 3.99999999489806 1
6 0.00000000501602 4.00000000000000 4.00000000501602 0
21 0.00000000206594 2.92788625331800 2.92788625125206 1
14 0.00000000110071 3.00000000000000 2.99999999889929 0
5 0.00000000097486 3.50000000000000 3.50000000097486 0
17 0.00000000049056 3.45160596295579 3.45160596246523 1
