0 15.15024644232532 15.426312166820606 0.276065724495286

1 15.193354041382829 15.464715925540212 0.2713618841573826

2 15.074360123709857 15.380664760883494 0.3063046371736373

3 15.118933648310675 15.422498339119718 0.30356469080904347

4 15.074360123709829 15.380664760686642 0.3063046369768134

5 15.118933648310643 15.422498280666058 0.30356463235541575

6 15.132725531848735 15.427217833208212 0.2944923013594778

7 15.093560876297131 15.400584484618822 0.30702360832169084

8 15.164795902497477 15.439374130817647 0.27457822832016987

9 15.071948189949921 15.382177443704636 0.31022925375471466

10 15.118933648310692 15.422498342014118 0.3035646937034251

11 15.120978992517509 15.420742351138125 0.2997633586206163

12 15.092802591255655 15.400356447475021 0.30755385621936604

13 15.207611743292622 15.465924473164097 0.25831272987147536

14 15.148768213136115 15.443260838156007 0.2944926250198918

15 15.074360123709875 15.380664760814126 0.30630463710425104

16 15.196481654504602 15.472920792883311 0.27643913837870926

17 15.189540638686713 15.477168303065094 0.2876276643783804

18 15.118933648310673 15.42249835612198 0.30356470781130795

19 15.189540638686703 15.4771680241506 0.28762738546389777

20 15.16479590249748 15.439374131135027 0.274578228637548

21 15.124224429606558 15.42698599991488 0.30276157030832174

22 15.12422442960647 15.426986000276484 0.30276157067001463

23 15.054758208888682 15.360719560048079 0.3059613511593966

24 15.099967606089402 15.402605902676424 0.30263829658702157

25 15.124224429606555 15.426986000146583 0.30276157054002795

26 15.189540638686678 15.477168283636876 0.28762764495019866

27 15.120978992517497 15.420742349578283 0.2997633570607867

28 15.164795902497541 15.43937413106623 0.2745782285686893

29 15.148768213136071 15.443260838025223 0.29449262488915195

30 15.189540638686687 15.477168300574961 0.2876276618882745

31 15.118933648310687 15.422498341408765 0.3035646930980782

32 15.132725531848754 15.427217833711065 0.2944923018623111

33 15.099967606089445 15.402605900930661 0.3026382948412163

34 15.120978992517525 15.420742350354944 0.2997633578374188

35 15.207611743292611 15.465924473386963 0.2583127300943513

36 15.183488571073537 15.441392948181297 0.25790437710776004

37 15.120978992517477 15.420742350891825 0.29976335837434753

38 15.118933648310701 15.42249834228696 0.3035646939762593

39 15.269366979407085 15.500913452197095 0.23154647279000962

40 15.193354041382824 15.464715925441274 0.2713618840584502

41 15.183488571073553 15.441392948204285 0.2579043771307319

42 15.092802591255682 15.40035646298233 0.3075538717266486

43 15.155257409299303 15.445704012978897 0.2904466036795945

44 15.157090288118882 15.446212078024313 0.28912178990543147

45 15.162101798122753 15.447899883918979 0.285798085796225

46 15.190834376145416 15.468499327608512 0.27766495146309644

47 15.157090288118892 15.446212077009651 0.2891217888907587

48 15.118933648310684 15.422498344485392 0.3035646961747087

49 15.13555740335867 15.431092862806691 0.29553545944802195

50 15.120978992517497 15.420742339632216 0.29976334711471964

51 15.155257409299281 15.445704011611227 0.2904466023119454

52 15.183488571073513 15.441392948219546 0.2579043771460334

53 15.135557403358684 15.43109286281646 0.29553545945777593

54 15.189540638686726 15.477168303083442 0.28762766439671594

55 15.162101798122714 15.447899883153974 0.28579808503126003

56 15.193354041382815 15.464715925492456 0.27136188410964124

57 15.074360123709898 15.380664760734485 0.30630463702458677

58 15.162101798122777 15.447899882202407 0.28579808407963014

59 15.15024644232538 15.426311972608934 0.2760655302835531

60 15.150246442325338 15.42631216452888 0.2760657222035423

61 15.189540638686688 15.477168308644794 0.2876276699581055

62 15.202164987743085 15.457157554616973 0.25499256687388794

63 15.155257409299317 15.445704009120888 0.2904465998215713

64 15.148768213136051 15.443260838029154 0.2944926248931026

65 15.132725531848733 15.427217832412785 0.29449230056405185

66 15.150246442325365 15.426312164292737 0.2760657219673721

67 15.092802591255703 15.400356445331616 0.3075538540759126

68 15.176056629422831 15.452986721103034 0.2769300916802031

69 15.093560876297168 15.400584484453193 0.30702360815602425

70 15.13272553184874 15.427217833386827 0.2944923015380869

71 15.118933648310689 15.422498342836027 0.3035646945253383

72 15.189540638686688 15.477168302233734 0.2876276635470454

73 15.189540638686667 15.477168299779516 0.28762766109284854

74 15.193354041382818 15.464715925511205 0.27136188412838713

75 15.269366979407103 15.50091345212429 0.23154647271718787

76 15.093560876297156 15.400584484655116 0.3070236083579605

77 15.1209789925175 15.42074235208627 0.29976335956876987

78 15.09356087629715 15.400584484512155 0.30702360821500463

79 15.071948189949916 15.382177443760911 0.310229253810995

80 15.099967606089438 15.402605905754905 0.3026382996654675

81 15.155257409299303 15.445704009752697 0.29044660045339477

82 15.292194570748796 15.525361266659244 0.23316669591044814

83 15.093560876297158 15.400584484661886 0.3070236083647284

84 15.164795902497517 15.43937413108428 0.27457822858676373

85 15.193354041382804 15.464715925518032 0.2713618841352279

86 15.135557403358701 15.431092862820458 0.29553545946175674

87 15.12422442960656 15.426985999992626 0.30276157038606577

88 15.09356087629717 15.400584484656834 0.307023608359664

89 15.093560876297165 15.400584484641426 0.30702360834426123

90 15.132725531848708 15.427217833227582 0.29449230137887383

91 15.155257409299306 15.44570401336848 0.29044660406917444

92 15.162101798122778 15.447899883011019 0.2857980848882402

93 15.132725531848736 15.427217832303782 0.2944923004550457

94 15.150246442325363 15.426312141456744 0.27606569913138124

95 15.132725531848735 15.427217834188927 0.29449230234019197

96 15.148768213136059 15.443260837953684 0.29449262481762517

97 15.148768213136089 15.443260837984912 0.2944926248488233

98 15.124224429606533 15.426985999863353 0.3027615702568198

99 15.099967606089418 15.402605910235414 0.30263830414599546

