0 21.3314193927937 22.21392658022998 0.882507187436282

1 21.030222614476948 22.32769804474019 1.2974754302632405

2 20.839632837849898 21.8097485298799 0.9701156920300029

3 21.294707898376977 22.160181236157804 0.865473337780827

4 21.18433501596818 22.376648129184208 1.1923131132160272

5 21.069435793407756 22.34225122353855 1.2728154301307946

6 21.186640040510632 22.353373741634936 1.1667337011243042

7 21.527755482400444 22.464411647151223 0.9366561647507794

8 21.33687217478508 22.633750607129638 1.2968784323445597

9 20.625805775984777 21.761205521344326 1.1353997453595497

10 21.540742769719998 22.719869260536083 1.1791264908160848

11 21.658451767669074 22.479197697637666 0.8207459299685915

12 20.981658136046313 22.097591046907375 1.115932910861062

13 21.54614515789321 22.709805518329755 1.1636603604365447

14 20.919482942859272 21.897579962731932 0.97809701987266

15 21.733133194411124 22.70521680883063 0.9720836144195069

16 20.93239720327852 22.088880210570576 1.1564830072920564

17 20.77808601452653 21.64038997099962 0.8623039564730917

18 21.729501333138966 22.729933236510412 1.000431903371446

19 21.24420063422224 21.947369082593568 0.7031684483713292

20 20.94105520902584 22.31065381884678 1.3695986098209403

21 20.708576727933952 21.586044824969733 0.8774680970357807

22 20.706943719884666 21.596909586883765 0.8899658669990984

23 21.401408650163646 22.43725951511003 1.035850864946383

24 21.43727423379946 22.22914122857971 0.7918669947802499

25 21.327469766943384 22.392872378287603 1.0654026113442185

26 21.052785197591568 22.293100642104996 1.2403154445134277

27 21.52546303646015 22.71823810678201 1.1927750703218614

28 21.122883072724207 22.290645694887715 1.167762622163508

29 21.275898366774197 22.59653534760536 1.3206369808311642

30 21.615707791135925 22.564583555263237 0.9488757641273118

31 20.682682791820547 21.7995563205388 1.116873528718255

32 21.421641892018577 22.673225506845373 1.2515836148267958

33 21.628496396944513 22.67621025915698 1.0477138622124684

34 21.28761025092716 22.576283477750493 1.2886732268233345

35 21.177337312559033 22.533790971746942 1.3564536591879097

36 21.4438252830207 22.457582751226155 1.0137574682054549

37 20.9385655049295 22.323276633125896 1.3847111281963969

38 21.124979447451324 22.298931464965765 1.1739520175144413

39 21.420329124355135 22.427383133156233 1.0070540088010986

40 21.39716686856434 22.397320410172256 1.000153541607915

41 21.09299795169189 22.070002762814486 0.9770048111225975

42 21.005229475450722 22.34758940008855 1.3423599246378295

43 21.119521967463733 22.122155209258057 1.0026332417943244

44 20.995795241191587 22.25020414696732 1.2544089057757333

45 20.85775811469469 21.89838787610165 1.0406297614069615

46 21.491319295333312 22.43597913454676 0.9446598392134469

47 21.18173266678494 22.392607873528373 1.2108752067434345

48 20.656377246018845 21.65063272762707 0.9942554816082243

49 21.361428722773823 22.418828991671337 1.0574002688975135

50 21.525762543976867 22.709723864367344 1.1839613203904769

51 21.36115602761775 22.09595803405185 0.7348020064341014

52 21.545608887774954 22.68676051328205 1.1411516255070957

53 21.50395708722886 22.47903147894279 0.9750743917139317

54 21.432142732275928 22.402646202205855 0.9705034699299269

55 21.665529957094144 22.502551585244415 0.8370216281502714

56 21.857826687837672 22.59746520776575 0.7396385199280786

57 21.540045389532864 22.47298849109808 0.9329431015652148

58 21.17961845084575 22.14511990503366 0.9655014541879083

59 21.07529530737999 22.536593342878096 1.4612980354981069

60 21.033077995323858 22.48529775748512 1.4522197621612634

61 21.045058325518433 22.58645457474437 1.5413962492259365

62 21.56618867160983 22.712206390024555 1.1460177184147256

63 21.102137067815633 21.93880318637852 0.8366661185628885

64 21.50314628169452 22.437413574920374 0.9342672932258544

65 21.16953489594832 22.16901498563392 0.9994800896855978

66 21.487815113135376 22.651829842941304 1.1640147298059276

67 21.42927631614984 22.605873061872586 1.1765967457227475

68 21.59591772801346 22.623719337167753 1.0278016091542916

69 20.812666160086494 21.849360941216148 1.036694781129654

70 20.84729175061328 22.209026986907325 1.3617352362940451

71 21.124368862499566 22.352102532483006 1.22773366998344

72 20.848338902897552 21.821074132951452 0.9727352300538996

73 21.372372639666033 22.38811816168654 1.0157455220205058

74 21.48667079427731 22.681510636526667 1.1948398422493582

75 21.32150210846188 22.392982625320336 1.0714805168584576

76 21.177515601185938 22.068168313210055 0.8906527120241172

77 20.799340468870625 21.77211624793002 0.9727757790593934

78 21.463199067891495 22.708454710950253 1.2452556430587585

79 21.594633758420002 22.74836561275241 1.1537318543324062

80 21.47222995531972 22.76765425953098 1.2954243042112594

81 21.07913078321133 22.339614618738164 1.2604838355268342

82 21.51404743357146 22.704181980708285 1.1901345471368252

83 20.835232013530685 22.21989084848464 1.384658834953953

84 20.845996874742454 21.882356258130887 1.036359383388433

85 21.167910612419405 22.3654403457506 1.1975297333311943

86 21.346351210407963 22.353744120198055 1.0073929097900916

87 21.118779470027963 22.357122695947766 1.2383432259198024

88 20.72209802579068 21.797293279208056 1.0751952534173768

89 21.55526412140818 22.686783244013466 1.1315191226052868

90 21.163147193021864 22.319272679641628 1.1561254866197643

91 20.94155242864162 21.763637698152966 0.8220852695113443

92 20.963013866567557 22.056717899375435 1.093704032807878

93 21.29928983772787 22.147535141038517 0.8482453033106481

94 21.431425545464442 22.444655334241087 1.0132297887766448

95 21.673239812693424 22.57525613286475 0.9020163201713274

96 20.89566019448315 22.106508812039017 1.2108486175558681

97 21.0827908779681 22.340066075677175 1.257275197709074

98 21.16507199687705 22.240567456166602 1.0754954592895523

99 20.83377932872058 21.7031024801431 0.8693231514225204

