0 18.84812610175024 19.24075922212537 0.3926331203751303

1 18.733388346415854 19.16347963081468 0.43009128439882716

2 18.930469858578387 19.3062227345601 0.37575287598171414

3 18.789831442319567 19.210524190920065 0.4206927486004979

4 18.815634306215827 19.23614481152854 0.4205105053127127

5 18.820583483836025 19.237311981491583 0.4167284976555585

6 18.911168769607432 19.28794873469312 0.3767799650856887

7 18.783991173596682 19.20841843635829 0.4244272627616077

8 18.749024776508843 19.179398417478442 0.4303736409695986

9 18.84997684403437 19.242632528837447 0.3926556848030778

10 18.826863157540508 19.243753705184208 0.4168905476436997

11 18.73471947337172 19.168004864498105 0.4332853911263861

12 18.905308466288584 19.265312367557446 0.36000390126886117

13 18.789043049545384 19.21337119290684 0.42432814336145697

14 18.79706887841015 19.216794506131702 0.41972562772155086

15 18.845694087447733 19.244403449028624 0.39870936158089165

16 18.834858332362124 19.250029243247443 0.415170910885319

17 18.809705631674575 19.214146741120476 0.4044411094459015

18 18.87663130482532 19.27762252056709 0.40099121574176877

19 18.77581277307768 19.197711367199727 0.4218985941220481

20 18.78399117359666 19.208418436381564 0.42442726278490284

21 18.85445010725141 19.236987668448716 0.38253756119730653

22 18.87932789435072 19.282264855456344 0.40293696110562394

23 18.864224990942954 19.269810443088204 0.40558545214524955

24 18.76185370877336 19.18757042508337 0.42571671631000996

25 18.98783403598877 19.321094262079455 0.33326022609068673

26 18.900302967836822 19.30629802546201 0.4059950576251872

27 18.877110542789417 19.264994530741205 0.38788398795178836

28 18.79646970813968 19.218542392873964 0.4220726847342853

29 18.939349407702956 19.30648639394302 0.3671369862400624

30 18.807947027893807 19.231485835755514 0.42353880786170706

31 18.81931078187826 19.23070022749382 0.41138944561555846

32 18.730905706910846 19.163946366255942 0.43304065934509595

33 18.84812610175024 19.240759222356694 0.3926331206064546

34 18.83445116204841 19.23495445358506 0.4005032915366513

35 18.860933876691014 19.257372340285638 0.39643846359462387

36 18.928923780900377 19.311082301121484 0.3821585202211075

37 18.75553909707884 19.187138480094426 0.431599383015584

38 18.842425774697137 19.25122276045054 0.4087969857534013

39 18.748039936622078 19.173089596105818 0.42504965948374007

40 18.75497237552932 19.184905952803668 0.42993357727434756

41 18.85519582330467 19.26557437821841 0.4103785549137413

42 18.762957721116848 19.189517211424608 0.42655949030775986

43 18.826863157540494 19.243753705314088 0.416890547773594

44 18.80952602341004 19.22768621530841 0.4181601918983695

45 18.845694087447804 19.24440345094262 0.39870936349481667

46 18.76053613095597 19.19136733795871 0.4308312070027398

47 18.788618282494188 19.210620560924752 0.4220022784305648

48 18.766879600034994 19.192114607618752 0.4252350075837583

49 18.880643459498035 19.2575808689849 0.37693740948686383

50 18.791451248760502 19.20842302431074 0.41697177555023757

51 18.834451162048467 19.234954452031918 0.4005032899834511

52 18.855956635528553 19.264529582007903 0.4085729464793495

53 18.78795157436004 19.21614705296089 0.4281954786008484

54 18.821880916084588 19.23630944122679 0.41442852514220263

55 18.85526383196714 19.263353265186264 0.40808943321912494

56 18.735093202542643 19.165703103154076 0.430609900611433

57 18.785682514075845 19.216025112647102 0.4303425985712579

58 18.865618751449965 19.243463889018887 0.37784513756892224

59 18.70505082024361 19.13854521408104 0.4334943938374316

60 18.78182425660603 19.210195640055986 0.4283713834499565

61 18.789329172119672 19.19556505546245 0.40623588334277727

62 18.87315886745285 19.27534064448533 0.40218177703247804

63 18.863184635569258 19.24884482387871 0.38566018830945126

64 18.788618282494216 19.21062056103273 0.422002278538514

65 18.89685769909709 19.299404482740844 0.4025467836437535

66 18.79292266657194 19.215525102845103 0.42260243627316285

67 18.79338782428821 19.21619573795272 0.42280791366451

68 18.75906394494134 19.187256097677597 0.42819215273625844

69 18.823494180440463 19.243215446149765 0.41972126570930257

70 18.78301341343102 19.208131320544346 0.4251179071133251

71 18.74972050316272 19.181878477308985 0.4321579741462642

72 18.783905451069593 19.213023737372165 0.42911828630257176

73 18.791736642074902 19.21305540071333 0.42131875863842794

74 18.820583483836057 19.23731198148326 0.41672849764720254

75 18.794068994766477 19.214812613446714 0.4207436186802376

76 18.789131076168033 19.217228028128634 0.42809695196060105

77 18.75903672792439 19.187370144419553 0.428333416495164

78 18.766169262723174 19.19213313717041 0.42596387444723405

79 18.84006663194014 19.24676632774691 0.4066996958067719

80 18.833616254221067 19.248877963188647 0.41526170896758074

81 18.79145124876051 19.208423024286322 0.41697177552581266

82 18.835816025582766 19.25448274314557 0.4186667175628038

83 18.7760997560734 19.200876500514994 0.4247767444415942

84 18.81134695085713 19.215420980720033 0.40407402986290464

85 18.784302623137677 19.209625353443684 0.4253227303060072

86 18.877272466281664 19.264958790025712 0.3876863237440489

87 18.855883980796314 19.25370165710762 0.3978176763113055

88 18.79454375474813 19.217796932861955 0.4232531781138249

89 18.818295844299097 19.218640964705383 0.40034512040628556

90 18.703739386072463 19.13832642612772 0.4345870400552556

91 18.8626408147573 19.275546061659156 0.4129052469018575

92 18.80220325795053 19.221207453837145 0.41900419588661464

93 18.71056787931432 19.143318506104137 0.4327506267898187

94 18.712072106508856 19.145053066694665 0.4329809601858088

95 18.861982861679408 19.246658202430407 0.38467534075099863

96 18.788008445579408 19.210513533193186 0.4225050876137786

97 18.79431973258241 19.22362280835681 0.42930307577440274

98 18.82211224514274 19.223835474043074 0.40172322890033385

99 18.788618282494205 19.21062056181653 0.42200227932232437

