0 11.487978811956648 11.639137450563535 0.15115863860688705

1 11.457032574058811 11.633102502502544 0.1760699284437326

2 11.457032574058811 11.633102504040771 0.17606992998195992

3 11.457032574058836 11.633102503740037 0.1760699296812014

4 11.513246018862803 11.668756681000298 0.15551066213749465

5 11.48797881195664 11.639137450273722 0.15115863831708154

6 11.4570325740588 11.633102509840413 0.17606993578161223

7 11.430861488284991 11.610663632366496 0.17980214408150452

8 11.457032574058804 11.633102505754637 0.1760699316958334

9 11.487978811956637 11.639137450738698 0.1511586387820607

10 11.487978811956628 11.639137450014186 0.15115863805755758

11 11.48797881195663 11.639137451592287 0.151158639635657

12 11.59396389814604 11.706792154761361 0.11282825661532137

13 11.48797881195661 11.63913744012539 0.15115862816877979

14 11.4570325740588 11.633102503616323 0.17606992955752254

15 11.430861488284995 11.610663632360714 0.17980214407571893

16 11.513246018862802 11.668756681916157 0.1555106630533558

17 11.457032574058816 11.633102502609738 0.17606992855092152

18 11.457032574058793 11.633102506624242 0.1760699325654489

19 11.487978811956635 11.63913745024242 0.1511586382857839

20 11.457032574058807 11.633102497553647 0.17606992349483974

21 11.457032574058813 11.633102491080578 0.17606991702176522

22 11.593963898146026 11.706792154719976 0.11282825657395001

23 11.48797881195664 11.639137451297433 0.15115863934079243

24 11.457032574058797 11.633102222799685 0.1760696487408886

25 11.487978811956637 11.63913745085915 0.1511586389025137

26 11.487978811956634 11.639137450530157 0.15115863857352352

27 11.457032574058822 11.63310250207181 0.17606992801298915

28 11.487978811956639 11.639137450797051 0.15115863884041225

29 11.457032574058813 11.63310250296671 0.1760699289078964

30 11.457032574058786 11.633102506256854 0.1760699321980681

31 11.513246018862777 11.668756680944949 0.1555106620821718

32 11.457032574058818 11.633102504293317 0.17606993023449924

33 11.457032574058797 11.63310250772706 0.17606993366826273

34 11.457032574058822 11.633102505056227 0.17606993099740542

35 11.593963898146024 11.706792154852504 0.11282825670648045

36 11.487978811956607 11.639137449675896 0.1511586377192895

37 11.487978811956621 11.639137451245908 0.15115863928928697

38 11.51324601886278 11.668756680820172 0.1555106619573916

39 11.48797881195663 11.639137450707148 0.15115863875051794

40 11.457032574058797 11.633102503719858 0.17606992966106105

41 11.430861488284974 11.610663633205478 0.1798021449205045

42 11.487978811956616 11.639137450499616 0.15115863854300038

43 11.48797881195663 11.639137450715387 0.15115863875875668

44 11.513246018862763 11.668756681046647 0.1555106621838842

45 11.59396389814603 11.70679215465947 0.1128282565134402

46 11.487978811956637 11.639137453584931 0.15115864162829418

47 11.513246018862793 11.668756680838948 0.15551066197615526

48 11.457032574058825 11.6331025055511 0.17606993149227534

49 11.48797881195663 11.639137450766576 0.15115863880994596

50 11.430861488285014 11.610663632426267 0.17980214414125228

51 11.457032574058811 11.633102503441597 0.17606992938278587

52 11.457032574058807 11.633102504864164 0.17606993080535638

53 11.593963898146015 11.706792154783479 0.11282825663746365

54 11.457032574058815 11.633102502539627 0.17606992848081227

55 11.457032574058811 11.63310250047539 0.17606992641657904

56 11.487978811956662 11.639137450319323 0.15115863836266108

57 11.487978811956644 11.63913745057372 0.15115863861707624

58 11.51324601886278 11.668756680737788 0.15551066187500773

59 11.457032574058832 11.633102504312182 0.17606993025334994

60 11.430861488284982 11.610663632378563 0.1798021440935802

61 11.487978811956637 11.639137450616225 0.151158638659588

62 11.513246018862755 11.668756681240033 0.15551066237727795

63 11.487978811956602 11.639137453972408 0.15115864201580642

64 11.593963898146047 11.706792154741803 0.11282825659575657

65 11.48797881195664 11.639137450572182 0.15115863861554146

66 11.487978811956634 11.63913745093942 0.15115863898278725

67 11.457032574058802 11.63310248569786 0.1760699116390576

68 11.513246018862798 11.668756680602092 0.15551066173929406

69 11.45703257405884 11.633102514400946 0.17606994034210643

70 11.51324601886277 11.668756681206144 0.1555106623433744

71 11.457032574058818 11.63310250145324 0.17606992739442262

72 11.487978811956637 11.63913741667215 0.1511586047155138

73 11.51324601886278 11.66875668103823 0.15551066217545007

74 11.457032574058823 11.633102429364493 0.17606985530566988

75 11.513246018862766 11.668756681127192 0.155510662264426

76 11.487978811956637 11.639137451005894 0.15115863904925675

77 11.4570325740588 11.633102505578382 0.1760699315195815

78 11.487978811956635 11.63913745135557 0.15115863939893437

79 11.513246018862791 11.668756680548196 0.15551066168540473

80 11.457032574058829 11.633102503828415 0.1760699297695858

81 11.457032574058829 11.633102496650562 0.17606992259173282

82 11.457032574058822 11.633102506336618 0.17606993227779633

83 11.457032574058818 11.633102249172541 0.17606967511372318

84 11.430861488284988 11.610663632701584 0.17980214441659648

85 11.51324601886277 11.668756681208446 0.15551066234567656

86 11.51324601886278 11.66875668083313 0.15551066197035013

87 11.487978811956634 11.639137451900332 0.1511586399436986

88 11.513246018862763 11.668756681058268 0.15551066219550513

89 11.513246018862777 11.668756681030299 0.15551066216752218

90 11.487978811956655 11.639137449313022 0.15115863735636736

91 11.487978811956612 11.63913745045548 0.15115863849886857

92 11.513246018862743 11.668756680766187 0.15551066190344365

93 11.487978811956634 11.639137450086189 0.1511586381295551

94 11.48797881195662 11.639137450042039 0.15115863808541974

95 11.43086148828501 11.610663632386578 0.1798021441015667

96 11.430861488284972 11.610663632506174 0.17980214422120255

97 11.48797881195663 11.639137450423092 0.1511586384664625

98 11.487978811956648 11.639137450366258 0.1511586384096102

99 11.457032574058825 11.633102522089114 0.17606994803028897

