0 14.49866089584309 15.093728918562233 0.5950680227191434

1 14.397459063286203 14.932200364604293 0.5347413013180908

2 14.727829717863449 15.172904684317242 0.4450749664537934

3 13.76112943776885 14.294602933652984 0.5334734958841345

4 14.411649354165844 15.07059230530612 0.6589429511402756

5 14.196802474054394 15.03710486807142 0.8403023940170264

6 14.351030245316732 14.88041405618541 0.5293838108686781

7 14.352834685979857 14.895023084275506 0.5421883982956484

8 13.980156080997649 14.523716046648232 0.5435599656505836

9 13.542157952730998 14.004139957132175 0.4619820044011771

10 14.303476670737131 14.96635451481787 0.6628778440807377

11 13.875902342798199 14.531002525802089 0.6551001830038903

12 13.889888138102599 14.518190808605654 0.6283026705030554

13 14.241150102306674 14.847952801858566 0.606802699551892

14 14.090044817378795 14.813176160338639 0.723131342959844

15 14.315601944314572 14.874822388344834 0.5592204440302613

16 14.005538664693171 14.789307775934974 0.7837691112418028

17 14.016835428669985 14.768967088919235 0.7521316602492494

18 14.0863411077589 14.824285241630822 0.7379441338719221

19 14.275626836555986 14.865284811088108 0.5896579745321215

20 14.098649741936828 14.835440602527306 0.736790860590478

21 14.309656936107169 14.823186201803049 0.5135292656958796

22 14.572721746392206 15.13957628647791 0.5668545400857035

23 14.214668481764235 14.677668644560498 0.46300016279626277

24 14.395466002846511 15.11173097359441 0.7162649707478987

25 13.484230840741482 13.873518433852961 0.3892875931114794

26 14.412518231852225 14.81080870746857 0.3982904756163457

27 14.513414336540162 15.145255026663182 0.6318406901230205

28 14.325275374865623 14.842557696401853 0.5172823215362303

29 14.1268327718589 14.990461274409297 0.8636285025503962

30 14.270344704301626 14.85497848098601 0.5846337766843828

31 13.903963209614218 14.369531605577873 0.46556839596365407

32 14.145618628531427 15.015683189184925 0.870064560653498

33 14.193009170446153 14.622956073248087 0.4299469028019338

34 13.838640189764487 14.36842623403186 0.5297860442673734

35 14.441037018743652 14.924837090724868 0.4838000719812161

36 14.154797160323673 14.754865534820567 0.6000683744968942

37 14.31433594474504 15.049950021885817 0.7356140771407773

38 14.19019250988947 15.020877645369582 0.8306851354801115

39 14.022928394038734 14.763360423641174 0.7404320296024398

40 13.623414304944998 14.076562125998604 0.45314782105360685

41 13.84325487545074 14.353906982921863 0.5106521074711239

42 14.884190629881843 15.305043536315173 0.4208529064333302

43 13.965363664281629 14.551784489999239 0.5864208257176102

44 14.249491925949517 14.652910828802899 0.40341890285338167

45 14.077819894628199 14.761652316694056 0.6838324220658567

46 13.900889862474394 14.39925956572964 0.4983697032552463

47 13.871302222511165 14.384145279298686 0.5128430567875206

48 13.839943956514032 14.521744196659197 0.681800240145165

49 13.920233262643949 14.74855355431572 0.8283202916717709

50 13.731997756221336 14.262489370205916 0.5304916139845801

51 13.941437435646138 14.463603369230404 0.5221659335842652

52 14.060210077798116 14.764153493428006 0.7039434156298903

53 14.360762528598599 14.791987229018535 0.43122470041993566

54 14.250760482198906 14.658192845517178 0.4074323633182715

55 14.145618628531441 15.015683189265467 0.8700645607340256

56 14.64907922375356 15.025002602543418 0.3759233787898584

57 13.825451720036503 14.496742938210744 0.6712912181742414

58 14.019023825192225 14.614248890761887 0.5952250655696627

59 13.900993177208623 14.375489776762484 0.47449659955386103

60 14.177288955468114 14.621763302848091 0.4444743473799768

61 13.968008908194275 14.743023151143658 0.7750142429493838

62 14.122988904616912 14.791039953811262 0.6680510491943501

63 14.123581113122619 14.788559835996503 0.6649787228738848

64 14.075315076860752 14.809745097394524 0.7344300205337717

65 13.939950759859798 14.529323773604975 0.5893730137451776

66 14.439708255481964 14.897050458177803 0.45734220269583936

67 14.154797160323687 14.75486553484198 0.6000683745182922

68 14.329633753334548 14.828086822103593 0.49845306876904516

69 14.274057314262595 14.851407420463268 0.5773501062006723

70 14.487437560865155 14.953869803423549 0.466432242558394

71 14.172837776940662 14.825818074447305 0.6529802975066428

72 14.462687757744751 15.118749219671528 0.6560614619267771

73 13.69969987894844 14.277037053051087 0.577337174102647

74 13.83419515531736 14.624715588100676 0.7905204327833157

75 14.610117788558915 15.177586133563373 0.5674683450044586

76 14.628005846144392 15.099124655325 0.47111880918060756

77 13.65901383553034 14.18388154491586 0.5248677093855196

78 14.288810706935253 14.868493246706617 0.5796825397713636

79 14.01347809766467 14.656626625902316 0.6431485282376457

80 14.647470637417758 15.209282916000333 0.5618122785825754

81 14.803202180411276 15.200405968550779 0.3972037881395032

82 13.880731406035828 14.490550945587032 0.6098195395512036

83 14.510919906184316 15.127147236925314 0.6162273307409976

84 13.820941644570626 14.333328650073145 0.5123870055025197

85 14.021799957787122 14.721015231233254 0.6992152734461321

86 13.76475978187717 14.250599058525063 0.4858392766478925

87 14.313740916840977 14.711430666083787 0.39768974924280975

88 14.060210077798112 14.764153493442603 0.7039434156444901

89 13.993806372173887 14.743937386608033 0.750131014434146

90 14.096945725753372 14.828049854088851 0.7311041283354793

91 13.930044794482175 14.40330953822602 0.47326474374384553

92 14.076347621492276 14.81830124010607 0.7419536186137936

93 14.257423830602963 14.944582181775015 0.6871583511720516

94 14.255646075101112 14.829911794514906 0.5742657194137948

95 13.954294036594284 14.543491052526493 0.5891970159322089

96 13.772160387118646 14.308348724185098 0.5361883370664522

97 13.766809345868985 14.327219618878532 0.5604102730095466

98 13.847159388175326 14.437844390144672 0.5906850019693461

99 13.599510008959406 14.132901912822941 0.5333919038635351

