0 10.206703291520679 10.72480167587316 0.5180983843524807

1 10.844920473782185 11.096389574053392 0.2514691002712066

2 10.826992209763741 11.04820277460499 0.22121056484124857

3 10.11817850823547 10.491984710196544 0.3738062019610737

4 10.232717563033445 10.880576708483392 0.6478591454499476

5 10.849694501287253 11.229189933802198 0.3794954325149451

6 10.826992209763747 11.048202774601851 0.22121056483810442

7 10.666276755373556 10.988716959416626 0.3224402040430707

8 10.23271756303341 10.880576708485654 0.6478591454522444

9 10.511444882284268 10.790764732117665 0.2793198498333975

10 9.92293591730196 10.134768963731819 0.21183304642985945

11 10.696710959222516 10.824711147036757 0.12800018781424072

12 10.775705246821357 11.088450104571764 0.31274485775040795

13 10.217425739646648 10.869708534226355 0.6522827945797065

14 10.666276755373556 10.988716959423911 0.32244020405035556

15 10.703488701523447 11.070004903981939 0.3665162024584916

16 10.716259096626953 11.088974837313618 0.37271574068666524

17 10.166249759064957 10.490839457286192 0.32458969822123507

18 10.305302455473356 10.529198304631763 0.22389584915840643

19 10.790058349563985 11.054404557157888 0.2643462075939027

20 10.844920473782178 11.096389574087233 0.2514691003050551

21 10.118178508235438 10.491984710234895 0.37380620199945724

22 10.636158735881246 10.982053008309604 0.34589427242835846

23 10.784311499134166 11.094573736134631 0.3102622370004653

24 10.77570524682135 11.08845010457141 0.3127448577500598

25 10.898987825081273 11.0770501068763 0.17806228179502703

26 10.19880643848319 10.555324217524868 0.3565177790416776

27 10.524649340582172 10.675014288504329 0.1503649479221565

28 10.79005834956402 11.05440455716279 0.2643462075987699

29 10.193609921856165 10.656848868055391 0.4632389461992261

30 10.81796838658386 11.224729662653454 0.40676127606959334

31 10.666276755373556 10.988716959406418 0.322440204032862

32 10.15077665632893 10.66090392397546 0.5101272676465314

33 10.555825862537148 10.79875185498024 0.24292599244309265

34 10.618136738117922 11.06015646107035 0.44201972295242875

35 10.198806438483192 10.5553242175855 0.3565177791023082

36 11.023686624968878 11.321490735864236 0.29780411089535797

37 10.192852338059453 10.562287364261095 0.3694350262016428

38 10.685790744468896 10.859574068365815 0.17378332389691842

39 10.514742391596073 10.842262006339142 0.32751961474306945

40 10.775705246821348 11.088450104544446 0.31274485772309824

41 10.555825862537137 10.798751855003072 0.24292599246593483

42 10.256784125637223 11.072575057929493 0.8157909322922698

43 10.7788774148637 11.221315639283244 0.4424382244195435

44 10.94421546541205 11.187731552205712 0.24351608679366166

45 10.51144488228427 10.79076473189808 0.2793198496138096

46 10.232717563033429 10.880576708464414 0.647859145430985

47 10.566790624559658 10.814583571305294 0.24779294674563523

48 10.511444882284266 10.790764732134551 0.27931984985028535

49 11.487978811956642 11.639137450040469 0.15115863808382635

50 10.849694501287251 11.229189933804678 0.3794954325174267

51 10.555825862537134 10.798751855465767 0.24292599292863315

52 10.775705246821353 11.08845010452671 0.31274485770535776

53 10.198806438483217 10.555324217565705 0.3565177790824876

54 10.666276755373527 10.988716959415292 0.3224402040417651

55 10.78993172172703 10.980517622850435 0.19058590112340568

56 11.023686624968892 11.321490735873322 0.2978041109044298

57 11.023686624968889 11.321490735862351 0.2978041108934626

58 10.116100546509998 10.376022870376111 0.2599223238661139

59 10.232717563033402 10.880576708470233 0.647859145436831

60 10.232717563033448 10.880576708476749 0.6478591454433005

61 10.82699220976375 11.048202774594154 0.2212105648304039

62 10.511444882284277 10.790764731823977 0.2793198495397

63 10.21742573964666 10.869708534496615 0.6522827948499543

64 10.55582586253717 10.798751854970662 0.24292599243349322

65 10.566790624559687 10.814583571328729 0.2477929467690423

66 10.944215465412046 11.187731552271678 0.243516086859632

67 10.078789756294867 10.505680926140053 0.42689116984518627

68 10.636158735881233 10.98205300831819 0.34589427243695603

69 10.16624975906499 10.49083945727243 0.32458969820744166

70 10.636158735881235 10.98205300832037 0.3458942724391356

71 10.198806438483201 10.555324217501237 0.35651777901803605

72 10.66627675537358 10.988716959401485 0.3224402040279042

73 10.94421546541204 11.187731552273815 0.24351608686177606

74 10.817797750784676 11.237165215157518 0.4193674643728418

75 10.150776656328912 10.660903923969592 0.5101272676406801

76 10.262531374658394 10.712943207704868 0.4504118330464735

77 10.078789756294903 10.505680925402544 0.42689116910764113

78 10.666276755373556 10.98871695939665 0.3224402040230938

79 10.232717563033471 10.880576708425792 0.6478591453923208

80 10.116100546509994 10.376022870377591 0.25992232386759717

81 10.63615873588124 10.982053008324268 0.3458942724430276

82 9.922935917301984 10.134768963726268 0.21183304642428347

83 11.457032574058795 11.633102225230035 0.17606965117123963

84 10.793548356890582 11.220989450013489 0.4274410931229067

85 10.944215465412029 11.187731552203635 0.2435160867916064

86 11.002566997113506 11.324259453020218 0.321692455906712

87 10.77218515642192 11.081862825506622 0.30967766908470296

88 11.457032574058818 11.63310253048934 0.17606995643052237

89 10.817968386583836 11.224729662644362 0.4067612760605268

90 10.666276755373538 10.98871695942093 0.3224402040473926

91 10.844920473782182 11.09638957401405 0.2514691002318692

92 10.206703291520679 10.724801675897348 0.5180983843766693

93 10.636158735881235 10.982053008310501 0.3458942724292662

94 10.166249759064964 10.490839457283679 0.3245896982187144

95 11.00256699711346 11.324259453046162 0.3216924559327019

96 10.524649340582172 10.675014288655882 0.15036494807370993

97 10.11610054650997 10.376022870381187 0.2599223238712174

98 11.031267404794814 11.323959112145161 0.2926917073503468

99 10.944215465412057 11.187731552248932 0.2435160868368751

