0 22.427987848432014 22.97341860905351 0.5454307606214961

1 22.54595480831503 23.060759906661627 0.5148050983465957

2 22.508139447463517 23.04181277247658 0.5336733250130621

3 22.517958154476137 23.042224730202907 0.5242665757267702

4 22.548132027921454 23.061082319843475 0.5129502919220208

5 22.474533757080927 23.0198567601828 0.5453230031018741

6 22.38847027139967 22.94281204277865 0.5543417713789829

7 22.54714985420754 23.06234185165847 0.5151919974509305

8 22.516629150788606 23.051421185865177 0.5347920350765705

9 22.510538983899185 23.042627919658305 0.5320889357591199

10 22.4536104527025 22.999268371709114 0.5456579190066151

11 22.481196953406887 23.00469830935746 0.5235013559505752

12 22.517470367791816 23.051710242119054 0.5342398743272376

13 22.425988854694936 22.97569821435373 0.5497093596587952

14 22.359540588628395 22.916533747234077 0.5569931586056818

15 22.61882613566098 23.105854693393237 0.4870285577322555

16 22.557324791270048 23.07089158927215 0.5135667980021026

17 22.46865089287447 23.0102713610817 0.5416204682072276

18 22.543509337485553 23.066693273501002 0.5231839360154495

19 22.49269065576872 23.031675042462837 0.5389843866941177

20 22.479661325436172 23.026940053411348 0.5472787279751756

21 22.508937214854996 23.043811344794776 0.5348741299397801

22 22.40074067190431 22.952859255753907 0.5521185838495981

23 22.4651622877481 23.009526349299655 0.5443640615515548

24 22.48589199907566 23.024690279788096 0.5387982807124381

25 22.392964830843752 22.946634525143693 0.5536696942999413

26 22.455978052793412 23.004046787513403 0.5480687347199904

27 22.407964069552527 22.961282124644008 0.5533180550914807

28 22.432740409880704 22.984882784244796 0.5521423743640916

29 22.49210518078629 23.03445458700963 0.5423494062233409

30 22.488117332353866 23.035855868977368 0.5477385366235019

31 22.520839648433 23.060039774100414 0.5392001256674135

32 22.56046812631203 23.057744893836116 0.49727676752408456

33 22.553217112445587 23.082445517411607 0.5292284049660196

34 22.561216272870965 23.053505041874033 0.4922887690030677

35 22.451406820705238 22.99489355351786 0.5434867328126209

36 22.58448626651949 23.085095702649305 0.5006094361298139

37 22.496768405135406 23.0279044952028 0.5311360900673954

38 22.533741428045765 23.062277588722154 0.5285361606763885

39 22.60241209891703 23.106379601604004 0.5039675026869759

40 22.450486448701486 23.00094670358271 0.550460254881223

41 22.47130060969042 22.99641755975377 0.5251169500633495

42 22.4685163371936 23.011784428843665 0.5432680916500665

43 22.539163770467713 23.071138551819544 0.5319747813518312

44 22.485206017538367 23.02501404380054 0.5398080262621718

45 22.481591637587417 23.006864909435365 0.5252732718479471

46 22.49102614885168 23.02733581114839 0.5363096622967092

47 22.5649548073617 23.068676398469602 0.5037215911079009

48 22.427989905020098 22.97704926731414 0.5490593622940416

49 22.626053215822324 23.12076560020006 0.4947123843777348

50 22.47935788675227 23.026614092734768 0.5472562059824995

51 22.506904868368203 23.048785685061716 0.5418808166935136

52 22.413394159364366 22.968736272002698 0.555342112638332

53 22.685011917225374 23.161408960884327 0.4763970436589524

54 22.49227319340874 23.033231450842145 0.540958257433406

55 22.50127373817449 23.037867319028614 0.5365935808541238

56 22.492540515896515 23.02450665056588 0.5319661346693643

57 22.506086118645044 23.0388517793414 0.5327656606963558

58 22.42590189987522 22.9743278681372 0.5484259682619772

59 22.56585765762794 23.079041380547636 0.5131837229196954

60 22.56117291829737 23.051239048307394 0.49006613001002464

61 22.676281061186558 23.152975477033017 0.47669441584645966

62 22.444253905296346 22.991636393778194 0.5473824884818477

63 22.456334345672413 23.00653541534077 0.5502010696683577

64 22.398794338942224 22.951830558618166 0.553036219675942

65 22.417489538873618 22.967080637612636 0.5495910987390182

66 22.50072427444523 23.03792541602701 0.5372011415817823

67 22.60744236757726 23.106150762694764 0.49870839511750376

68 22.48326271136885 23.021068515244263 0.5378058038754112

69 22.368479424145754 22.924668921063716 0.5561894969179626

70 22.575090710077074 23.083898041984668 0.5088073319075939

71 22.426150767679367 22.973328352720216 0.5471775850408491

72 22.481219988346783 23.02682741799526 0.5456074296484772

73 22.384430904958478 22.940518769213607 0.5560878642551295

74 22.449575894363367 22.998108783946858 0.5485328895834911

75 22.51091368294692 23.039955610264197 0.5290419273172766

76 22.428195121228438 22.978287395664758 0.5500922744363201

77 22.48111433417946 23.03081948588596 0.549705151706501

78 22.549354781676108 23.064833550097987 0.5154787684218789

79 22.465821242887763 23.011050590649113 0.5452293477613495

80 22.42769262763801 22.976449253026065 0.5487566253880551

81 22.49131280279956 23.02811880117418 0.5368059983746214

82 22.482626353485266 23.013507016880723 0.5308806633954575

83 22.43371811727495 22.98282012545792 0.5491020081829703

84 22.449278961142074 23.001087423461378 0.551808462319304

85 22.36908551601051 22.924118186157692 0.555032670147181

86 22.4296766858055 22.976779073484245 0.5471023876787449

87 22.513479362290575 23.039035573699124 0.5255562114085492

88 22.5207386748082 23.052069462461226 0.531330787653026

89 22.480106893195398 23.02547194413289 0.545365050937491

90 22.445904791602885 22.99292439971758 0.5470196081146952

91 22.61598068969981 23.110214762592186 0.4942340728923753

92 22.462443991480086 23.006268581858695 0.543824590378609

93 22.568448018178213 23.090811325744088 0.5223633075658753

94 22.42050161747218 22.972743452238102 0.5522418347659226

95 22.492398224246347 23.031151293115805 0.5387530688694575

96 22.428975554232665 22.97351399319761 0.5445384389649455

97 22.45597805279346 23.00404678812657 0.5480687353331106

98 22.552557406258458 23.080508001048937 0.5279505947904788

99 22.575565295675823 23.09115060360267 0.5155853079268482

