0 17.419862423108142 18.198470582190417 0.7786081590822747

1 18.775812773077668 19.197711366999016 0.4218985939213482

2 17.327757538283674 18.703017379309593 1.375259841025919

3 17.872351169305983 18.879305029139825 1.0069538598338426

4 17.755123273232165 18.410951533004997 0.6558282597728322

5 17.014268432426785 18.053511205453784 1.0392427730269986

6 17.6595133670871 18.59834427796387 0.9388309108767707

7 17.407174595501147 18.230333839277776 0.8231592437766295

8 17.736348661022937 18.544272005494832 0.8079233444718952

9 17.681054491541882 18.457236212132518 0.7761817205906354

10 17.82257611380498 18.35152067268428 0.5289445588792994

11 17.44264034703246 18.32745864356584 0.884818296533382

12 17.678680991467967 18.574844867279815 0.8961638758118475

13 17.459352547220178 18.11495859786967 0.6556060506494923

14 18.10339824274245 18.728485588124897 0.6250873453824468

15 17.39817822645793 18.155116611746624 0.7569383852886951

16 18.42351125428862 19.11358949109178 0.6900782368031599

17 17.069391810395953 17.99963687072513 0.9302450603291774

18 17.262773442094517 18.45616476996005 1.193391327865534

19 18.06785151831499 18.731536305053993 0.6636847867390046

20 17.54341099641945 18.467636703001805 0.9242257065823551

21 17.468820850754703 17.89939445001441 0.43057359925970573

22 17.619510997872624 18.283506973721206 0.6639959758485823

23 17.649066529015435 18.36143396946217 0.7123674404467337

24 17.661933607594342 18.54929413152549 0.8873605239311466

25 17.258185588225714 18.1205192398922 0.8623336516664857

26 17.081531857360034 18.05451903581195 0.9729871784519162

27 17.6855372382191 18.5652344095437 0.8796971713245973

28 17.669662290981368 18.39234218543254 0.7226798944511721

29 18.46871277863368 19.03783986372544 0.5691270850917611

30 18.0933562382536 18.903430648859562 0.8100744106059601

31 17.517605741551165 18.348896308655135 0.8312905671039701

32 17.17055813864218 18.108275993458534 0.9377178548163556

33 17.966716560959775 18.869288702611158 0.9025721416513832

34 17.948774380059962 18.62949076867449 0.6807163886145275

35 17.70274610188929 18.633258479384203 0.9305123774949138

36 17.49477905784436 18.239975170082175 0.7451961122378137

37 16.904967406819118 17.622785650433507 0.7178182436143885

38 17.422721774949096 18.08623633014388 0.6635145551947836

39 18.03326684693768 18.823601258301437 0.7903344113637587

40 17.843538331549873 18.88216928674009 1.038630955190218

41 17.632448827748604 18.617501572336263 0.9850527445876587

42 17.05343490191661 18.038517385153273 0.9850824832366634

43 17.412704110961823 18.340825474167723 0.9281213632059

44 17.839279673262382 18.62156903858271 0.7822893653203273

45 18.530290239023486 19.106679823238682 0.576389584215196

46 18.184017517175313 18.786671287100738 0.6026537699254249

47 17.472226314491188 18.276843250237384 0.8046169357461963

48 17.696532123385914 18.766981430710562 1.0704493073246475

49 18.19234632650129 18.791799139947578 0.5994528134462875

50 17.58167315893076 18.355822176016073 0.774149017085314

51 17.75102389503532 18.467660326684644 0.7166364316493237

52 18.035435710758073 18.86812888688877 0.8326931761306966

53 17.752961194267016 18.622135760630776 0.8691745663637604

54 18.297130926178554 18.85707259137868 0.5599416652001281

55 17.67804599391932 18.591402156757603 0.9133561628382836

56 17.644286374391392 18.617544888029585 0.9732585136381928

57 17.808868489126077 18.488745635087913 0.6798771459618358

58 17.733817083985713 18.589631342829982 0.8558142588442692

59 17.70895641028769 18.627615100053617 0.9186586897659268

60 17.550825900315264 18.351134402613567 0.8003085022983036

61 17.711235700398476 18.490285628544893 0.7790499281464172

62 17.53090244275667 18.513554041368696 0.9826515986120263

63 17.798678078006965 18.522690287114234 0.7240122091072685

64 17.334307803077188 18.291033999068 0.9567261959908109

65 17.157865300619783 17.89429004531427 0.7364247446944887

66 17.657393756943115 18.46927615890808 0.8118824019649651

67 17.77377811719248 18.813456038431514 1.0396779212390328

68 17.68213153757631 18.396933245897845 0.7148017083215343

69 16.83400092229433 17.68956511524706 0.8555641929527305

70 17.82394269246941 18.84437963474653 1.0204369422771222

71 16.997671792895353 17.728538447120822 0.7308666542254691

72 17.752131978852717 18.61935398714024 0.8672220082875235

73 17.625686054295354 18.524630230170914 0.8989441758755596

74 17.87610245225057 18.628212018812576 0.7521095665620052

75 17.846165982848383 18.61768075190089 0.771514769052505

76 17.315541575691363 18.361920909186065 1.046379333494702

77 17.665273248902018 18.410037022521145 0.7447637736191268

78 17.56051995299604 18.332216005988613 0.7716960529925743

79 18.14643524235066 18.751114791287087 0.6046795489364278

80 17.109918028963286 17.612831145676815 0.502913116713529

81 17.83319931735767 18.663017157441114 0.8298178400834431

82 17.113112615627088 17.724597871935043 0.6114852563079545

83 17.737357362924037 18.37311231624164 0.6357549533176048

84 17.65641823141887 18.563434696008915 0.9070164645900469

85 17.491062924427816 18.335148527040552 0.8440856026127364

86 16.969139493559602 17.756507118236005 0.7873676246764028

87 17.67812478180386 18.587623044214237 0.9094982624103771

88 18.297554260850433 19.03313527452711 0.7355810136766756

89 17.451161042453457 18.13853448317474 0.6873734407212844

90 18.1663211186343 19.001384758332968 0.8350636396986673

91 17.899425236951522 18.666199493881553 0.7667742569300309

92 17.592517869941528 18.730694555412885 1.1381766854713575

93 17.74020469753942 18.815024802454595 1.074820104915176

94 17.71928889671841 18.518558401640917 0.7992695049225063

95 17.240801281459092 18.482551142336106 1.2417498608770146

96 17.84742649434434 18.85168417730424 1.0042576829598993

97 17.489473142167366 18.319538945091956 0.8300658029245902

98 17.784349178192244 18.80920829800373 1.0248591198114845

99 18.273407176753082 19.029836581353415 0.7564294046003326

