0.5 19.394779946311434 19.596650538770184 0.20187059245875005
0.525 19.404433131223282 19.609088574620568 0.2046554433972858
0.55 19.414241062989685 19.621818162106635 0.20757709911694988
0.575 19.424208521370957 19.63485440180637 0.21064588043541121
0.6 19.434340533704983 19.648213725115223 0.21387319141024008
0.625 19.444642393193497 19.66191409843303 0.21727170523953276
0.65 19.455119678915132 19.675975343778223 0.22085566486309105
0.675 19.46577827776507 19.690419022619295 0.22464074485422358
0.7 19.47662440854819 19.705270546569352 0.22864613802116196
0.725 19.48766464848309 19.72055592210783 0.23289127362474105
0.75 19.498905962419265 19.736306232690147 0.23740027027088217
0.775 19.510355735105005 19.75255619174278 0.24220045663777512
0.8 19.522021806910764 19.769344657527345 0.24732285061658033
0.825 19.533912513466596 19.786716976458553 0.252804462991957
0.8500000000000001 19.546036729760974 19.804725103358777 0.2586883735978027
0.875 19.558403919342403 19.823430540425615 0.2650266210832122
0.9 19.571024189388304 19.84290500506171 0.2718808156734056
0.925 19.58390835255831 19.863234856381567 0.2793265038232562
0.95 19.597067996743004 19.884525009710146 0.2874570129671419
0.9750000000000001 19.610515564071555 19.90690469135275 0.29638912728
1.0 19.6242644408647 19.93053669144484 0.3062722505801396
1.025 19.638329060656517 19.955630291181695 0.3173012305251781
1.05 19.652725022990307 19.98246142128026 0.3297363982899526
1.0750000000000002 19.667469231494913 20.01140428260075 0.3439350511058379
1.1 19.68258005586417 20.042981593128804 0.3604015372646323
1.125 19.698077523947248 20.077942620682506 0.3798650967352586
1.15 19.71398355245482 20.117367993690138 0.4033844412353176
1.175 19.730322228177567 20.162735293488304 0.43241306531073676
1.2000000000000002 19.74712015673142 20.215708759804897 0.4685886030734778
1.225 19.76440690373687 20.27745535487703 0.5130484511401612
1.25 19.782215565807306 20.348077300189846 0.5658617343825405
1.275 19.800583528912604 20.426853694300952 0.6262701653883482
1.3 19.81955350530679 20.512799983910508 0.6932464786037187
1.3250000000000002 19.83917499790509 20.604990808183434 0.7658158102783439
1.35 19.859506443362573 20.702653939631492 0.8431474962689194
1.375 19.880618473632282 20.805169788015245 0.9245513143829633
1.4 19.902599097811972 20.91204555701099 1.0094464591990189
1.425 19.92556233496544 21.022887894462716 1.0973255594972748
1.4500000000000002 19.94966337643087 21.13667871993039 1.187015343499521
1.475 19.975126845010617 21.251298210578096 1.2761713655674782
1.5 20.002303106580484 21.366651065331215 1.3643479587507308
1.5250000000000001 20.19999999999994 21.482766679317955 1.2827666793180157
1.55 20.4 21.5996864208716 1.1996864208716005
1.575 20.600000000000076 21.717492121129332 1.1174921211292563
1.6 20.800000000000068 21.836255592932858 1.0362555929327897
1.625 21.00000000000005 21.956051363208328 0.9560513632082781
1.6500000000000001 21.20000000000006 22.076957917644613 0.8769579176445532
1.675 21.39999999999999 22.199058017053364 0.7990580170533725
1.7000000000000002 21.60000000000007 22.322442511679025 0.7224425116789561
1.725 21.80000000000007 22.447209693127807 0.6472096931277349
1.75 22.000000000000036 22.573472998339913 0.5734729983398772
1.7750000000000001 22.20000000000005 22.701361991856743 0.5013619918566938
1.8 22.40000000000004 22.831015431665644 0.4310154316656032
1.8250000000000002 22.60000000000004 22.96258507470752 0.3625850747074786
1.85 22.800000000000058 23.096248965308188 0.2962489653081306
1.875 23.00000000000003 23.232318119312605 0.23231811931257695
1.9000000000000001 23.200000000000024 23.371530933518397 0.17153093351837256
1.925 23.40000000000002 23.51502191619517 0.11502191619515045
1.9500000000000002 23.600000000000023 23.664415861510395 0.06441586151037271
1.975 23.800000000000058 23.82274269463645 0.022742694636392002
2.0 24.00000000000005 23.99999992675831 7.324173978418003e-08
2.0250000000000004 24.20000000000003 24.199998990340333 1.0096596980702088e-06
2.05 24.400000000000055 24.399999970878074 2.9121981270918695e-08
2.075 24.599999999999987 24.599999513923674 4.860763134217905e-07
2.1 24.800000000000047 24.79999991837934 8.162070841422064e-08
2.125 25.000000000000032 24.99999999982684 1.7319123912784562e-10
2.1500000000000004 25.20000000000009 25.19999940541637 5.945837209253568e-07
2.175 25.400000000000063 25.39999968430217 3.15697892716571e-07
2.2 25.60000000000008 25.599999998641067 1.359012458124198e-09
2.225 25.800000000000033 25.799999999660574 3.3945823929570906e-10
2.25 26.00000000000005 25.99999999979299 2.070592586278508e-10
2.2750000000000004 26.20000000000001 26.199999997678578 2.3214319355702173e-09
2.3 26.40000000000002 26.39999999950318 4.968399025528925e-10
2.325 26.600000000000065 26.599999291072216 7.089278497574014e-07
2.35 26.800000000000026 26.799999684299753 3.157002730347358e-07
2.375 26.999999999999996 26.999999779204554 2.2079544237385562e-07
2.4000000000000004 27.20000000000007 27.199999889726875 1.1027319501977217e-07
2.425 27.40000000000004 27.399999945479816 5.452022477925311e-08
2.45 27.60000000000008 27.600000000031656 3.157651917717885e-11
2.475 27.80000000000009 27.799999131223487 8.687766026582722e-07
2.5 28.00000000000005 27.99999921568429 7.843157590059491e-07
2.525 28.20000000000008 28.199999960837072 3.9163008835885194e-08
2.5500000000000003 28.400000000000098 28.39999999184058 8.15951750610111e-09
2.575 28.600000000000072 28.59999991667858 8.332149192824545e-08
2.6 28.80000000000002 28.799999996963503 3.0365150394118245e-09
2.625 29.00000000000005 28.99999999843085 1.5691981047893933e-09
2.65 29.200000000000024 29.199999998428616 1.5714078926976072e-09
2.6750000000000003 29.400000000000045 29.399999956281516 4.371852924123232e-08
2.7 29.600000000000037 29.599999977737774 2.2262263144057215e-08
2.725 29.799999999999965 29.799999977809385 2.2190580040160057e-08
2.75 30.0000000000001 29.999999933777815 6.622228454489232e-08
2.775 30.20000000000013 30.19999998621802 1.378210967573068e-08
2.8000000000000003 30.400000000000016 30.399999997799817 2.200199133994829e-09
2.825 30.600000000000083 30.59999992555374 7.44463442003962e-08
2.85 30.8000000000001 30.799999979842728 2.0157372659923567e-08
2.875 31.000000000000068 30.999999998273914 1.7261534424051206e-09
2.9000000000000004 31.200000000000053 31.19999999878736 1.2126939452627994e-09
2.9250000000000003 31.40000000000004 31.39999999912557 8.744720503273129e-10
2.95 31.600000000000026 31.5999999968621 3.137927251373185e-09
2.975 31.800000000000026 31.799999997469545 2.5304807138581964e-09
3.0 32.000000000000064 31.999999997980275 2.0197887806716608e-09

